calibratie file behorende bij drempelmeting                            
 
locatie        =new_venue                                 
125  Hz        =[10000;20000;30000;40000;50000;60000;]        
250  Hz        =[10000;20000;30000;40000;50000;60000;]
500  Hz        =[10000;20000;30000;40000;50000;60000;]
1000 Hz        =[10000;20000;30000;40000;50000;60000;]
2000 Hz        =[10000;20000;30000;40000;50000;60000;]
4000 Hz        =[10000;20000;30000;40000;50000;60000;]
8000 Hz        =[10000;20000;30000;40000;50000;60000;]
125  Hz        =[10000;20000;30000;40000;50000;60000;]        
250  Hz        =[10000;20000;30000;40000;50000;60000;]
500  Hz        =[10000;20000;30000;40000;50000;60000;]
1000 Hz        =[10000;20000;30000;40000;50000;60000;]
2000 Hz        =[10000;20000;30000;40000;50000;60000;]
4000 Hz        =[10000;20000;30000;40000;50000;60000;]
8000 Hz        =[10000;20000;30000;40000;50000;60000;]
breedbnd links =[10000;20000;30000;40000;50000;60000;]
breedbnd rchts =[10000;20000;30000;40000;50000;60000;]
