calibratie file behorende bij drempelmeting                            
 
locatie        =new_venue                                 
125  Hz        =[1321;3275;8518;22281;50000;65000] 
250  Hz        =[1321;3275;8518;22281;50000;65000] 
500  Hz        =[1321;3275;8518;22281;50000;65000] 
1000 Hz        =[1321;3275;8518;22281;50000;65000] 
2000 Hz        =[1321;3275;8518;22281;50000;65000] 
4000 Hz        =[1321;3275;8518;22281;50000;65000] 
8000 Hz        =[1321;3275;8518;22281;50000;65000] 
125  Hz        =[1321;3275;8518;22281;50000;65000] 
250  Hz        =[1321;3275;8518;22281;50000;65000] 
500  Hz        =[1321;3275;8518;22281;50000;65000] 
1000 Hz        =[1321;3275;8518;22281;50000;65000] 
2000 Hz        =[1321;3275;8518;22281;50000;65000] 
4000 Hz        =[1321;3275;8518;22281;50000;65000] 
8000 Hz        =[1321;3275;8518;22281;50000;65000] 
breedbnd links =[1321;3275;8518;22281;50000;65000] 
breedbnd rchts =[1321;3275;8518;22281;50000;65000]
