* Measurement data measured by REW V5,19
* Source: Input device not selected, no input selected, L, volume: no control
* Format: 8192-point spectrum using Hann window and no averaging 
* Dated: 16-jun-2021 13:04:44
* REW Settings:
*  C-weighting compensation: Off
*  Target level: 75.0 dB
* Note: 8192-point spectrum using Hann window and no averaging Input RMS 107,4 dB, 105,9 dBC, 107,5 dBA
* Measurement: jun 16 13:04:44
* Smoothing: 1/48 octave
* Frequency Step: 5.859375 Hz
* Start Frequency: 10.0 Hz
*
* Freq(Hz) SPL(dB) Phase(degrees)
11.719 74.034 0
17.578 74.145 0
23.438 74.039 0
29.297 74.746 0
35.156 89.240 0
41.016 90.035 0
46.875 85.782 0
52.734 82.793 0
58.594 75.029 0
64.453 68.839 0
70.312 73.338 0
76.172 -120.000 0
82.031 71.756 0
87.891 64.526 0
93.750 71.733 0
99.609 69.615 0
105.469 63.065 0
111.328 61.283 0
117.188 72.971 0
123.047 77.792 0
128.906 77.610 0
134.766 72.324 0
140.625 64.682 0
146.484 69.781 0
152.344 69.363 0
158.203 69.619 0
164.062 68.872 0
169.922 66.263 0
175.781 60.349 0
181.641 62.200 0
187.500 68.350 0
193.359 67.440 0
199.219 62.417 0
205.078 61.475 0
210.938 63.212 0
216.797 68.327 0
222.656 69.261 0
228.516 64.990 0
234.375 61.084 0
240.234 61.921 0
246.094 59.413 0
251.953 67.322 0
257.812 70.957 0
263.672 70.091 0
269.531 64.545 0
275.391 65.706 0
281.250 67.413 0
287.109 67.289 0
292.969 70.444 0
298.828 71.330 0
304.688 70.141 0
310.547 70.427 0
316.406 72.421 0
322.266 73.571 0
328.125 71.857 0
333.984 66.168 0
339.844 69.665 0
345.703 72.573 0
351.562 70.991 0
357.422 66.931 0
363.281 66.303 0
369.141 64.482 0
375.000 59.262 0
380.859 64.048 0
386.719 66.218 0
392.578 66.140 0
398.438 66.117 0
404.297 66.369 0
410.156 67.993 0
416.016 69.878 0
421.875 70.355 0
427.734 69.427 0
433.594 67.648 0
439.453 65.236 0
445.312 64.050 0
451.172 68.152 0
457.031 71.150 0
462.891 71.053 0
468.750 67.206 0
474.609 56.015 0
480.469 60.550 0
486.328 64.520 0
492.188 65.383 0
498.047 65.945 0
503.906 66.750 0
509.766 66.410 0
515.625 65.980 0
521.484 71.308 0
527.344 75.513 0
533.203 76.771 0
539.062 75.070 0
544.922 70.203 0
550.781 70.449 0
556.641 74.478 0
562.500 75.457 0
568.359 73.965 0
574.219 71.093 0
580.078 69.710 0
585.938 69.942 0
591.797 70.273 0
597.656 70.798 0
603.516 70.474 0
609.375 68.401 0
615.234 65.355 0
621.094 65.388 0
626.953 67.593 0
632.812 68.751 0
638.672 68.921 0
644.531 70.294 0
650.391 72.782 0
656.250 74.038 0
662.109 73.264 0
667.969 70.270 0
673.828 65.995 0
679.688 65.560 0
685.547 66.893 0
691.406 67.150 0
697.266 67.694 0
703.125 69.067 0
708.984 69.943 0
714.844 69.714 0
720.703 68.844 0
726.562 68.442 0
732.422 68.978 0
738.281 69.878 0
744.141 70.645 0
750.000 71.050 0
755.859 70.904 0
761.719 70.193 0
767.578 69.921 0
773.438 71.195 0
779.297 72.503 0
785.156 72.442 0
791.016 70.709 0
796.875 68.253 0
802.734 68.513 0
808.594 70.409 0
814.453 71.106 0
820.312 70.323 0
826.172 68.977 0
832.031 68.937 0
837.891 69.733 0
843.750 69.577 0
849.609 67.949 0
855.469 65.745 0
861.328 65.933 0
867.188 67.906 0
873.047 69.457 0
878.906 70.396 0
884.766 70.715 0
890.625 70.236 0
896.484 69.165 0
902.344 68.508 0
908.203 68.816 0
914.062 69.272 0
919.922 69.353 0
925.781 68.959 0
931.641 67.927 0
937.500 66.513 0
943.359 66.603 0
949.219 68.755 0
955.078 70.666 0
960.938 71.344 0
966.797 70.636 0
972.656 68.839 0
978.516 68.005 0
984.375 70.100 0
990.234 72.708 0
996.094 74.618 0
1001.953 75.738 0
1007.812 75.994 0
1013.672 75.263 0
1019.531 73.472 0
1025.391 70.858 0
1031.250 68.964 0
1037.109 69.801 0
1042.969 71.507 0
1048.828 72.407 0
1054.688 72.302 0
1060.547 71.669 0
1066.406 71.536 0
1072.266 72.265 0
1078.125 72.993 0
1083.984 73.106 0
1089.844 72.606 0
1095.703 71.890 0
1101.562 71.397 0
1107.422 71.112 0
1113.281 70.862 0
1119.141 70.929 0
1125.000 71.554 0
1130.859 72.291 0
1136.719 72.634 0
1142.578 72.429 0
1148.438 71.662 0
1154.297 70.298 0
1160.156 68.328 0
1166.016 66.073 0
1171.875 64.599 0
1177.734 64.843 0
1183.594 66.069 0
1189.453 67.294 0
1195.312 68.068 0
1201.172 68.198 0
1207.031 67.711 0
1212.891 67.058 0
1218.750 67.178 0
1224.609 68.357 0
1230.469 69.747 0
1236.328 70.655 0
1242.188 70.824 0
1248.047 70.192 0
1253.906 68.801 0
1259.766 66.877 0
1265.625 64.996 0
1271.484 63.896 0
1277.344 63.743 0
1283.203 64.454 0
1289.062 66.107 0
1294.922 68.222 0
1300.781 70.059 0
1306.641 71.236 0
1312.500 71.680 0
1318.359 71.519 0
1324.219 71.089 0
1330.078 70.832 0
1335.938 70.868 0
1341.797 70.848 0
1347.656 70.412 0
1353.516 69.495 0
1359.375 68.369 0
1365.234 67.535 0
1371.094 67.210 0
1376.953 67.011 0
1382.812 66.445 0
1388.672 65.324 0
1394.531 64.086 0
1400.391 64.107 0
1406.250 65.755 0
1412.109 67.579 0
1417.969 68.736 0
1423.828 69.050 0
1429.688 68.533 0
1435.547 67.276 0
1441.406 65.575 0
1447.266 64.337 0
1453.125 64.708 0
1458.984 66.164 0
1464.844 67.516 0
1470.703 68.349 0
1476.562 68.748 0
1482.422 68.995 0
1488.281 69.303 0
1494.141 69.602 0
1500.000 69.684 0
1505.859 69.464 0
1511.719 69.079 0
1517.578 68.818 0
1523.438 68.927 0
1529.297 69.462 0
1535.156 70.286 0
1541.016 71.133 0
1546.875 71.732 0
1552.734 71.915 0
1558.594 71.665 0
1564.453 71.119 0
1570.312 70.546 0
1576.172 70.241 0
1582.031 70.349 0
1587.891 70.764 0
1593.750 71.219 0
1599.609 71.448 0
1605.469 71.294 0
1611.328 70.769 0
1617.188 70.097 0
1623.047 69.661 0
1628.906 69.661 0
1634.766 69.876 0
1640.625 69.999 0
1646.484 69.979 0
1652.344 70.009 0
1658.203 70.257 0
1664.062 70.612 0
1669.922 70.817 0
1675.781 70.730 0
1681.641 70.402 0
1687.500 70.020 0
1693.359 69.742 0
1699.219 69.567 0
1705.078 69.407 0
1710.938 69.270 0
1716.797 69.348 0
1722.656 69.852 0
1728.516 70.728 0
1734.375 71.653 0
1740.234 72.314 0
1746.094 72.531 0
1751.953 72.241 0
1757.812 71.467 0
1763.672 70.306 0
1769.531 68.952 0
1775.391 67.725 0
1781.250 67.048 0
1787.109 67.209 0
1792.969 68.032 0
1798.828 69.050 0
1804.688 69.905 0
1810.547 70.457 0
1816.406 70.730 0
1822.266 70.848 0
1828.125 70.952 0
1833.984 71.094 0
1839.844 71.228 0
1845.703 71.287 0
1851.562 71.284 0
1857.422 71.305 0
1863.281 71.437 0
1869.141 71.668 0
1875.000 71.881 0
1880.859 71.920 0
1886.719 71.663 0
1892.578 71.051 0
1898.438 70.127 0
1904.297 69.084 0
1910.156 68.281 0
1916.016 68.007 0
1921.875 68.175 0
1927.734 68.450 0
1933.594 68.592 0
1939.453 68.515 0
1945.312 68.216 0
1951.172 67.706 0
1957.031 67.003 0
1962.891 66.175 0
1968.750 65.444 0
1974.609 65.207 0
1980.469 65.733 0
1986.328 66.812 0
1992.188 68.022 0
1998.047 69.081 0
2003.906 69.874 0
2009.766 70.376 0
2015.625 70.600 0
2021.484 70.593 0
2027.344 70.431 0
2033.203 70.223 0
2039.062 70.067 0
2044.922 69.973 0
2050.781 69.860 0
2056.641 69.627 0
2062.500 69.257 0
2068.359 68.871 0
2074.219 68.692 0
2080.078 68.871 0
2085.938 69.330 0
2091.797 69.845 0
2097.656 70.223 0
2103.516 70.368 0
2109.375 70.267 0
2115.234 69.962 0
2121.094 69.535 0
2126.953 69.099 0
2132.812 68.800 0
2138.672 68.808 0
2144.531 69.209 0
2150.391 69.904 0
2156.250 70.658 0
2162.109 71.255 0
2167.969 71.577 0
2173.828 71.591 0
2179.688 71.332 0
2185.547 70.887 0
2191.406 70.376 0
2197.266 69.926 0
2203.125 69.631 0
2208.984 69.515 0
2214.844 69.532 0
2220.703 69.602 0
2226.562 69.659 0
2232.422 69.680 0
2238.281 69.674 0
2244.141 69.660 0
2250.000 69.647 0
2255.859 69.630 0
2261.719 69.616 0
2267.578 69.633 0
2273.438 69.719 0
2279.297 69.887 0
2285.156 70.106 0
2291.016 70.299 0
2296.875 70.380 0
2302.734 70.277 0
2308.594 69.966 0
2314.453 69.495 0
2320.312 69.014 0
2326.172 68.758 0
2332.031 68.907 0
2337.891 69.411 0
2343.750 70.040 0
2349.609 70.569 0
2355.469 70.873 0
2361.328 70.916 0
2367.188 70.738 0
2373.047 70.441 0
2378.906 70.186 0
2384.766 70.150 0
2390.625 70.440 0
2396.484 71.025 0
2402.344 71.763 0
2408.203 72.492 0
2414.062 73.085 0
2419.922 73.465 0
2425.781 73.606 0
2431.641 73.521 0
2437.500 73.265 0
2443.359 72.920 0
2449.219 72.575 0
2455.078 72.289 0
2460.938 72.065 0
2466.797 71.860 0
2472.656 71.622 0
2478.516 71.322 0
2484.375 70.972 0
2490.234 70.617 0
2496.094 70.314 0
2501.953 70.106 0
2507.812 70.003 0
2513.672 69.984 0
2519.531 70.007 0
2525.391 70.016 0
2531.250 69.962 0
2537.109 69.811 0
2542.969 69.559 0
2548.828 69.234 0
2554.688 68.891 0
2560.547 68.599 0
2566.406 68.412 0
2572.266 68.341 0
2578.125 68.356 0
2583.984 68.408 0
2589.844 68.460 0
2595.703 68.505 0
2601.562 68.555 0
2607.422 68.633 0
2613.281 68.754 0
2619.141 68.925 0
2625.000 69.149 0
2630.859 69.434 0
2636.719 69.800 0
2642.578 70.270 0
2648.438 70.851 0
2654.297 71.526 0
2660.156 72.252 0
2666.016 72.970 0
2671.875 73.623 0
2677.734 74.156 0
2683.594 74.521 0
2689.453 74.683 0
2695.312 74.617 0
2701.172 74.310 0
2707.031 73.763 0
2712.891 72.997 0
2718.750 72.055 0
2724.609 71.016 0
2730.469 70.009 0
2736.328 69.202 0
2742.188 68.752 0
2748.047 68.708 0
2753.906 68.980 0
2759.766 69.421 0
2765.625 69.906 0
2771.484 70.370 0
2777.344 70.787 0
2783.203 71.152 0
2789.062 71.459 0
2794.922 71.699 0
2800.781 71.856 0
2806.641 71.921 0
2812.500 71.901 0
2818.359 71.816 0
2824.219 71.699 0
2830.078 71.582 0
2835.938 71.492 0
2841.797 71.447 0
2847.656 71.458 0
2853.516 71.533 0
2859.375 71.665 0
2865.234 71.829 0
2871.094 71.980 0
2876.953 72.066 0
2882.812 72.041 0
2888.672 71.877 0
2894.531 71.561 0
2900.391 71.102 0
2906.250 70.521 0
2912.109 69.859 0
2917.969 69.175 0
2923.828 68.551 0
2929.688 68.096 0
2935.547 67.913 0
2941.406 68.047 0
2947.266 68.451 0
2953.125 69.007 0
2958.984 69.585 0
2964.844 70.092 0
2970.703 70.469 0
2976.562 70.699 0
2982.422 70.787 0
2988.281 70.761 0
2994.141 70.664 0
3000.000 70.543 0
3005.859 70.447 0
3011.719 70.412 0
3017.578 70.452 0
3023.438 70.554 0
3029.297 70.681 0
3035.156 70.788 0
3041.016 70.835 0
3046.875 70.800 0
3052.734 70.687 0
3058.594 70.524 0
3064.453 70.360 0
3070.312 70.249 0
3076.172 70.237 0
3082.031 70.337 0
3087.891 70.532 0
3093.750 70.784 0
3099.609 71.057 0
3105.469 71.321 0
3111.328 71.558 0
3117.188 71.754 0
3123.047 71.897 0
3128.906 71.980 0
3134.766 72.000 0
3140.625 71.965 0
3146.484 71.893 0
3152.344 71.805 0
3158.203 71.723 0
3164.062 71.656 0
3169.922 71.603 0
3175.781 71.554 0
3181.641 71.504 0
3187.500 71.451 0
3193.359 71.401 0
3199.219 71.361 0
3205.078 71.338 0
3210.938 71.340 0
3216.797 71.378 0
3222.656 71.470 0
3228.516 71.634 0
3234.375 71.886 0
3240.234 72.225 0
3246.094 72.636 0
3251.953 73.094 0
3257.812 73.568 0
3263.672 74.035 0
3269.531 74.475 0
3275.391 74.874 0
3281.250 75.223 0
3287.109 75.516 0
3292.969 75.749 0
3298.828 75.921 0
3304.688 76.038 0
3310.547 76.106 0
3316.406 76.135 0
3322.266 76.135 0
3328.125 76.112 0
3333.984 76.070 0
3339.844 76.007 0
3345.703 75.919 0
3351.562 75.798 0
3357.422 75.633 0
3363.281 75.415 0
3369.141 75.140 0
3375.000 74.810 0
3380.859 74.442 0
3386.719 74.064 0
3392.578 73.714 0
3398.438 73.434 0
3404.297 73.250 0
3410.156 73.169 0
3416.016 73.173 0
3421.875 73.237 0
3427.734 73.343 0
3433.594 73.494 0
3439.453 73.710 0
3445.312 74.017 0
3451.172 74.429 0
3457.031 74.932 0
3462.891 75.486 0
3468.750 76.041 0
3474.609 76.549 0
3480.469 76.976 0
3486.328 77.306 0
3492.188 77.537 0
3498.047 77.682 0
3503.906 77.758 0
3509.766 77.790 0
3515.625 77.797 0
3521.484 77.795 0
3527.344 77.790 0
3533.203 77.783 0
3539.062 77.769 0
3544.922 77.739 0
3550.781 77.689 0
3556.641 77.614 0
3562.500 77.512 0
3568.359 77.386 0
3574.219 77.242 0
3580.078 77.091 0
3585.938 76.954 0
3591.797 76.856 0
3597.656 76.824 0
3603.516 76.877 0
3609.375 77.018 0
3615.234 77.229 0
3621.094 77.476 0
3626.953 77.722 0
3632.812 77.931 0
3638.672 78.077 0
3644.531 78.142 0
3650.391 78.119 0
3656.250 78.008 0
3662.109 77.822 0
3667.969 77.587 0
3673.828 77.340 0
3679.688 77.131 0
3685.547 77.017 0
3691.406 77.043 0
3697.266 77.229 0
3703.125 77.563 0
3708.984 78.006 0
3714.844 78.509 0
3720.703 79.030 0
3726.562 79.540 0
3732.422 80.024 0
3738.281 80.474 0
3744.141 80.890 0
3750.000 81.271 0
3755.859 81.617 0
3761.719 81.924 0
3767.578 82.187 0
3773.438 82.397 0
3779.297 82.548 0
3785.156 82.634 0
3791.016 82.654 0
3796.875 82.608 0
3802.734 82.505 0
3808.594 82.356 0
3814.453 82.176 0
3820.312 81.983 0
3826.172 81.796 0
3832.031 81.633 0
3837.891 81.504 0
3843.750 81.414 0
3849.609 81.362 0
3855.469 81.335 0
3861.328 81.324 0
3867.188 81.314 0
3873.047 81.298 0
3878.906 81.268 0
3884.766 81.222 0
3890.625 81.154 0
3896.484 81.062 0
3902.344 80.940 0
3908.203 80.789 0
3914.062 80.609 0
3919.922 80.407 0
3925.781 80.192 0
3931.641 79.980 0
3937.500 79.783 0
3943.359 79.617 0
3949.219 79.491 0
3955.078 79.407 0
3960.938 79.364 0
3966.797 79.353 0
3972.656 79.364 0
3978.516 79.389 0
3984.375 79.421 0
3990.234 79.459 0
3996.094 79.506 0
4001.953 79.568 0
4007.812 79.652 0
4013.672 79.762 0
4019.531 79.902 0
4025.391 80.068 0
4031.250 80.254 0
4037.109 80.451 0
4042.969 80.652 0
4048.828 80.849 0
4054.688 81.040 0
4060.547 81.226 0
4066.406 81.405 0
4072.266 81.578 0
4078.125 81.741 0
4083.984 81.887 0
4089.844 82.009 0
4095.703 82.099 0
4101.562 82.150 0
4107.422 82.158 0
4113.281 82.121 0
4119.141 82.037 0
4125.000 81.910 0
4130.859 81.743 0
4136.719 81.540 0
4142.578 81.310 0
4148.438 81.064 0
4154.297 80.817 0
4160.156 80.583 0
4166.016 80.375 0
4171.875 80.202 0
4177.734 80.067 0
4183.594 79.967 0
4189.453 79.892 0
4195.312 79.833 0
4201.172 79.782 0
4207.031 79.732 0
4212.891 79.680 0
4218.750 79.625 0
4224.609 79.565 0
4230.469 79.500 0
4236.328 79.428 0
4242.188 79.350 0
4248.047 79.266 0
4253.906 79.183 0
4259.766 79.112 0
4265.625 79.068 0
4271.484 79.072 0
4277.344 79.140 0
4283.203 79.283 0
4289.062 79.500 0
4294.922 79.781 0
4300.781 80.105 0
4306.641 80.447 0
4312.500 80.783 0
4318.359 81.091 0
4324.219 81.354 0
4330.078 81.563 0
4335.938 81.711 0
4341.797 81.800 0
4347.656 81.834 0
4353.516 81.823 0
4359.375 81.778 0
4365.234 81.709 0
4371.094 81.630 0
4376.953 81.553 0
4382.812 81.490 0
4388.672 81.454 0
4394.531 81.455 0
4400.391 81.502 0
4406.250 81.599 0
4412.109 81.745 0
4417.969 81.934 0
4423.828 82.155 0
4429.688 82.394 0
4435.547 82.637 0
4441.406 82.873 0
4447.266 83.092 0
4453.125 83.291 0
4458.984 83.471 0
4464.844 83.636 0
4470.703 83.793 0
4476.562 83.950 0
4482.422 84.117 0
4488.281 84.298 0
4494.141 84.493 0
4500.000 84.699 0
4505.859 84.908 0
4511.719 85.109 0
4517.578 85.291 0
4523.438 85.445 0
4529.297 85.565 0
4535.156 85.649 0
4541.016 85.701 0
4546.875 85.728 0
4552.734 85.738 0
4558.594 85.744 0
4564.453 85.752 0
4570.312 85.768 0
4576.172 85.792 0
4582.031 85.823 0
4587.891 85.852 0
4593.750 85.875 0
4599.609 85.883 0
4605.469 85.871 0
4611.328 85.831 0
4617.188 85.761 0
4623.047 85.656 0
4628.906 85.515 0
4634.766 85.334 0
4640.625 85.112 0
4646.484 84.850 0
4652.344 84.547 0
4658.203 84.205 0
4664.062 83.827 0
4669.922 83.418 0
4675.781 82.988 0
4681.641 82.549 0
4687.500 82.118 0
4693.359 81.714 0
4699.219 81.362 0
4705.078 81.083 0
4710.938 80.894 0
4716.797 80.805 0
4722.656 80.815 0
4728.516 80.910 0
4734.375 81.072 0
4740.234 81.280 0
4746.094 81.509 0
4751.953 81.741 0
4757.812 81.960 0
4763.672 82.153 0
4769.531 82.312 0
4775.391 82.432 0
4781.250 82.508 0
4787.109 82.541 0
4792.969 82.532 0
4798.828 82.485 0
4804.688 82.407 0
4810.547 82.306 0
4816.406 82.193 0
4822.266 82.080 0
4828.125 81.978 0
4833.984 81.898 0
4839.844 81.847 0
4845.703 81.831 0
4851.562 81.851 0
4857.422 81.906 0
4863.281 81.993 0
4869.141 82.106 0
4875.000 82.240 0
4880.859 82.391 0
4886.719 82.557 0
4892.578 82.736 0
4898.438 82.927 0
4904.297 83.128 0
4910.156 83.338 0
4916.016 83.550 0
4921.875 83.757 0
4927.734 83.947 0
4933.594 84.110 0
4939.453 84.234 0
4945.312 84.309 0
4951.172 84.327 0
4957.031 84.283 0
4962.891 84.175 0
4968.750 84.005 0
4974.609 83.777 0
4980.469 83.498 0
4986.328 83.179 0
4992.188 82.831 0
4998.047 82.469 0
5003.906 82.106 0
5009.766 81.759 0
5015.625 81.442 0
5021.484 81.167 0
5027.344 80.947 0
5033.203 80.790 0
5039.062 80.700 0
5044.922 80.678 0
5050.781 80.720 0
5056.641 80.817 0
5062.500 80.956 0
5068.359 81.123 0
5074.219 81.301 0
5080.078 81.476 0
5085.938 81.634 0
5091.797 81.764 0
5097.656 81.857 0
5103.516 81.905 0
5109.375 81.907 0
5115.234 81.861 0
5121.094 81.769 0
5126.953 81.635 0
5132.812 81.465 0
5138.672 81.266 0
5144.531 81.048 0
5150.391 80.818 0
5156.250 80.584 0
5162.109 80.352 0
5167.969 80.129 0
5173.828 79.919 0
5179.688 79.723 0
5185.547 79.543 0
5191.406 79.379 0
5197.266 79.230 0
5203.125 79.094 0
5208.984 78.970 0
5214.844 78.856 0
5220.703 78.749 0
5226.562 78.650 0
5232.422 78.557 0
5238.281 78.472 0
5244.141 78.394 0
5250.000 78.326 0
5255.859 78.270 0
5261.719 78.227 0
5267.578 78.200 0
5273.438 78.192 0
5279.297 78.202 0
5285.156 78.233 0
5291.016 78.282 0
5296.875 78.349 0
5302.734 78.431 0
5308.594 78.523 0
5314.453 78.622 0
5320.312 78.725 0
5326.172 78.829 0
5332.031 78.932 0
5337.891 79.032 0
5343.750 79.127 0
5349.609 79.216 0
5355.469 79.296 0
5361.328 79.364 0
5367.188 79.417 0
5373.047 79.452 0
5378.906 79.466 0
5384.766 79.458 0
5390.625 79.427 0
5396.484 79.373 0
5402.344 79.297 0
5408.203 79.203 0
5414.062 79.093 0
5419.922 78.973 0
5425.781 78.846 0
5431.641 78.717 0
5437.500 78.591 0
5443.359 78.472 0
5449.219 78.361 0
5455.078 78.262 0
5460.938 78.175 0
5466.797 78.102 0
5472.656 78.042 0
5478.516 77.995 0
5484.375 77.962 0
5490.234 77.940 0
5496.094 77.930 0
5501.953 77.927 0
5507.812 77.932 0
5513.672 77.940 0
5519.531 77.951 0
5525.391 77.962 0
5531.250 77.971 0
5537.109 77.980 0
5542.969 77.986 0
5548.828 77.991 0
5554.688 77.996 0
5560.547 78.000 0
5566.406 78.007 0
5572.266 78.017 0
5578.125 78.033 0
5583.984 78.059 0
5589.844 78.095 0
5595.703 78.147 0
5601.562 78.216 0
5607.422 78.303 0
5613.281 78.409 0
5619.141 78.529 0
5625.000 78.661 0
5630.859 78.796 0
5636.719 78.926 0
5642.578 79.045 0
5648.438 79.143 0
5654.297 79.213 0
5660.156 79.249 0
5666.016 79.249 0
5671.875 79.207 0
5677.734 79.125 0
5683.594 79.002 0
5689.453 78.839 0
5695.312 78.640 0
5701.172 78.406 0
5707.031 78.144 0
5712.891 77.858 0
5718.750 77.555 0
5724.609 77.246 0
5730.469 76.940 0
5736.328 76.648 0
5742.188 76.385 0
5748.047 76.163 0
5753.906 75.990 0
5759.766 75.874 0
5765.625 75.816 0
5771.484 75.812 0
5777.344 75.853 0
5783.203 75.927 0
5789.062 76.022 0
5794.922 76.123 0
5800.781 76.219 0
5806.641 76.300 0
5812.500 76.359 0
5818.359 76.389 0
5824.219 76.389 0
5830.078 76.357 0
5835.938 76.293 0
5841.797 76.198 0
5847.656 76.078 0
5853.516 75.935 0
5859.375 75.776 0
5865.234 75.604 0
5871.094 75.424 0
5876.953 75.243 0
5882.812 75.063 0
5888.672 74.889 0
5894.531 74.724 0
5900.391 74.570 0
5906.250 74.430 0
5912.109 74.308 0
5917.969 74.208 0
5923.828 74.131 0
5929.688 74.083 0
5935.547 74.064 0
5941.406 74.077 0
5947.266 74.121 0
5953.125 74.194 0
5958.984 74.292 0
5964.844 74.410 0
5970.703 74.540 0
5976.562 74.677 0
5982.422 74.814 0
5988.281 74.944 0
5994.141 75.062 0
6000.000 75.165 0
6005.859 75.249 0
6011.719 75.312 0
6017.578 75.354 0
6023.438 75.374 0
6029.297 75.374 0
6035.156 75.355 0
6041.016 75.320 0
6046.875 75.272 0
6052.734 75.216 0
6058.594 75.155 0
6064.453 75.094 0
6070.312 75.035 0
6076.172 74.982 0
6082.031 74.933 0
6087.891 74.890 0
6093.750 74.850 0
6099.609 74.811 0
6105.469 74.767 0
6111.328 74.717 0
6117.188 74.657 0
6123.047 74.584 0
6128.906 74.498 0
6134.766 74.399 0
6140.625 74.291 0
6146.484 74.177 0
6152.344 74.062 0
6158.203 73.952 0
6164.062 73.853 0
6169.922 73.769 0
6175.781 73.704 0
6181.641 73.658 0
6187.500 73.631 0
6193.359 73.618 0
6199.219 73.615 0
6205.078 73.615 0
6210.938 73.613 0
6216.797 73.603 0
6222.656 73.580 0
6228.516 73.541 0
6234.375 73.484 0
6240.234 73.410 0
6246.094 73.320 0
6251.953 73.217 0
6257.812 73.105 0
6263.672 72.988 0
6269.531 72.873 0
6275.391 72.763 0
6281.250 72.666 0
6287.109 72.584 0
6292.969 72.523 0
6298.828 72.482 0
6304.688 72.465 0
6310.547 72.470 0
6316.406 72.496 0
6322.266 72.539 0
6328.125 72.597 0
6333.984 72.665 0
6339.844 72.740 0
6345.703 72.817 0
6351.562 72.892 0
6357.422 72.962 0
6363.281 73.022 0
6369.141 73.070 0
6375.000 73.103 0
6380.859 73.118 0
6386.719 73.113 0
6392.578 73.087 0
6398.438 73.038 0
6404.297 72.968 0
6410.156 72.877 0
6416.016 72.767 0
6421.875 72.641 0
6427.734 72.503 0
6433.594 72.356 0
6439.453 72.206 0
6445.312 72.057 0
6451.172 71.916 0
6457.031 71.788 0
6462.891 71.677 0
6468.750 71.589 0
6474.609 71.525 0
6480.469 71.490 0
6486.328 71.484 0
6492.188 71.508 0
6498.047 71.559 0
6503.906 71.635 0
6509.766 71.733 0
6515.625 71.848 0
6521.484 71.976 0
6527.344 72.112 0
6533.203 72.253 0
6539.062 72.394 0
6544.922 72.533 0
6550.781 72.668 0
6556.641 72.798 0
6562.500 72.920 0
6568.359 73.036 0
6574.219 73.143 0
6580.078 73.241 0
6585.938 73.330 0
6591.797 73.408 0
6597.656 73.474 0
6603.516 73.526 0
6609.375 73.563 0
6615.234 73.583 0
6621.094 73.584 0
6626.953 73.565 0
6632.812 73.526 0
6638.672 73.465 0
6644.531 73.383 0
6650.391 73.281 0
6656.250 73.161 0
6662.109 73.025 0
6667.969 72.874 0
6673.828 72.712 0
6679.688 72.542 0
6685.547 72.365 0
6691.406 72.187 0
6697.266 72.009 0
6703.125 71.836 0
6708.984 71.672 0
6714.844 71.522 0
6720.703 71.389 0
6726.562 71.279 0
6732.422 71.197 0
6738.281 71.146 0
6744.141 71.131 0
6750.000 71.152 0
6755.859 71.208 0
6761.719 71.299 0
6767.578 71.418 0
6773.438 71.561 0
6779.297 71.721 0
6785.156 71.890 0
6791.016 72.060 0
6796.875 72.226 0
6802.734 72.380 0
6808.594 72.517 0
6814.453 72.634 0
6820.312 72.727 0
6826.172 72.794 0
6832.031 72.836 0
6837.891 72.852 0
6843.750 72.845 0
6849.609 72.817 0
6855.469 72.773 0
6861.328 72.718 0
6867.188 72.657 0
6873.047 72.598 0
6878.906 72.546 0
6884.766 72.506 0
6890.625 72.484 0
6896.484 72.481 0
6902.344 72.499 0
6908.203 72.537 0
6914.062 72.591 0
6919.922 72.659 0
6925.781 72.735 0
6931.641 72.814 0
6937.500 72.893 0
6943.359 72.969 0
6949.219 73.037 0
6955.078 73.097 0
6960.938 73.148 0
6966.797 73.190 0
6972.656 73.224 0
6978.516 73.252 0
6984.375 73.276 0
6990.234 73.297 0
6996.094 73.318 0
7001.953 73.339 0
7007.812 73.364 0
7013.672 73.391 0
7019.531 73.423 0
7025.391 73.459 0
7031.250 73.499 0
7037.109 73.541 0
7042.969 73.584 0
7048.828 73.627 0
7054.688 73.668 0
7060.547 73.703 0
7066.406 73.732 0
7072.266 73.752 0
7078.125 73.762 0
7083.984 73.761 0
7089.844 73.748 0
7095.703 73.723 0
7101.562 73.687 0
7107.422 73.640 0
7113.281 73.585 0
7119.141 73.523 0
7125.000 73.456 0
7130.859 73.385 0
7136.719 73.313 0
7142.578 73.240 0
7148.438 73.169 0
7154.297 73.098 0
7160.156 73.030 0
7166.016 72.965 0
7171.875 72.902 0
7177.734 72.841 0
7183.594 72.784 0
7189.453 72.730 0
7195.312 72.679 0
7201.172 72.633 0
7207.031 72.591 0
7212.891 72.553 0
7218.750 72.520 0
7224.609 72.491 0
7230.469 72.467 0
7236.328 72.446 0
7242.188 72.427 0
7248.047 72.409 0
7253.906 72.390 0
7259.766 72.370 0
7265.625 72.346 0
7271.484 72.319 0
7277.344 72.287 0
7283.203 72.251 0
7289.062 72.211 0
7294.922 72.169 0
7300.781 72.126 0
7306.641 72.084 0
7312.500 72.044 0
7318.359 72.010 0
7324.219 71.981 0
7330.078 71.959 0
7335.938 71.945 0
7341.797 71.939 0
7347.656 71.939 0
7353.516 71.944 0
7359.375 71.953 0
7365.234 71.964 0
7371.094 71.973 0
7376.953 71.981 0
7382.812 71.985 0
7388.672 71.984 0
7394.531 71.977 0
7400.391 71.966 0
7406.250 71.950 0
7412.109 71.931 0
7417.969 71.911 0
7423.828 71.893 0
7429.688 71.879 0
7435.547 71.871 0
7441.406 71.874 0
7447.266 71.888 0
7453.125 71.917 0
7458.984 71.961 0
7464.844 72.022 0
7470.703 72.099 0
7476.562 72.194 0
7482.422 72.303 0
7488.281 72.426 0
7494.141 72.559 0
7500.000 72.700 0
7505.859 72.845 0
7511.719 72.991 0
7517.578 73.133 0
7523.438 73.267 0
7529.297 73.391 0
7535.156 73.501 0
7541.016 73.595 0
7546.875 73.670 0
7552.734 73.726 0
7558.594 73.763 0
7564.453 73.779 0
7570.312 73.777 0
7576.172 73.757 0
7582.031 73.722 0
7587.891 73.675 0
7593.750 73.618 0
7599.609 73.556 0
7605.469 73.491 0
7611.328 73.427 0
7617.188 73.368 0
7623.047 73.318 0
7628.906 73.279 0
7634.766 73.253 0
7640.625 73.243 0
7646.484 73.250 0
7652.344 73.272 0
7658.203 73.311 0
7664.062 73.364 0
7669.922 73.430 0
7675.781 73.506 0
7681.641 73.589 0
7687.500 73.677 0
7693.359 73.767 0
7699.219 73.857 0
7705.078 73.944 0
7710.938 74.027 0
7716.797 74.103 0
7722.656 74.172 0
7728.516 74.231 0
7734.375 74.281 0
7740.234 74.320 0
7746.094 74.347 0
7751.953 74.363 0
7757.812 74.367 0
7763.672 74.359 0
7769.531 74.339 0
7775.391 74.309 0
7781.250 74.270 0
7787.109 74.222 0
7792.969 74.167 0
7798.828 74.106 0
7804.688 74.043 0
7810.547 73.977 0
7816.406 73.912 0
7822.266 73.848 0
7828.125 73.788 0
7833.984 73.731 0
7839.844 73.678 0
7845.703 73.630 0
7851.562 73.585 0
7857.422 73.545 0
7863.281 73.507 0
7869.141 73.472 0
7875.000 73.437 0
7880.859 73.404 0
7886.719 73.372 0
7892.578 73.340 0
7898.438 73.309 0
7904.297 73.279 0
7910.156 73.250 0
7916.016 73.225 0
7921.875 73.203 0
7927.734 73.186 0
7933.594 73.174 0
7939.453 73.168 0
7945.312 73.167 0
7951.172 73.173 0
7957.031 73.184 0
7962.891 73.200 0
7968.750 73.219 0
7974.609 73.241 0
7980.469 73.263 0
7986.328 73.284 0
7992.188 73.303 0
7998.047 73.318 0
8003.906 73.329 0
8009.766 73.335 0
8015.625 73.336 0
8021.484 73.332 0
8027.344 73.323 0
8033.203 73.310 0
8039.062 73.294 0
8044.922 73.275 0
8050.781 73.254 0
8056.641 73.232 0
8062.500 73.210 0
8068.359 73.189 0
8074.219 73.168 0
8080.078 73.147 0
8085.938 73.127 0
8091.797 73.108 0
8097.656 73.089 0
8103.516 73.069 0
8109.375 73.049 0
8115.234 73.030 0
8121.094 73.011 0
8126.953 72.993 0
8132.812 72.978 0
8138.672 72.966 0
8144.531 72.959 0
8150.391 72.958 0
8156.250 72.965 0
8162.109 72.982 0
8167.969 73.010 0
8173.828 73.049 0
8179.688 73.101 0
8185.547 73.166 0
8191.406 73.244 0
8197.266 73.333 0
8203.125 73.434 0
8208.984 73.544 0
8214.844 73.663 0
8220.703 73.788 0
8226.562 73.917 0
8232.422 74.050 0
8238.281 74.184 0
8244.141 74.318 0
8250.000 74.449 0
8255.859 74.578 0
8261.719 74.702 0
8267.578 74.820 0
8273.438 74.932 0
8279.297 75.036 0
8285.156 75.131 0
8291.016 75.217 0
8296.875 75.292 0
8302.734 75.357 0
8308.594 75.409 0
8314.453 75.449 0
8320.312 75.476 0
8326.172 75.488 0
8332.031 75.487 0
8337.891 75.471 0
8343.750 75.441 0
8349.609 75.397 0
8355.469 75.340 0
8361.328 75.270 0
8367.188 75.188 0
8373.047 75.098 0
8378.906 75.000 0
8384.766 74.896 0
8390.625 74.790 0
8396.484 74.684 0
8402.344 74.581 0
8408.203 74.483 0
8414.062 74.393 0
8419.922 74.314 0
8425.781 74.248 0
8431.641 74.195 0
8437.500 74.156 0
8443.359 74.132 0
8449.219 74.123 0
8455.078 74.127 0
8460.938 74.144 0
8466.797 74.171 0
8472.656 74.208 0
8478.516 74.252 0
8484.375 74.302 0
8490.234 74.356 0
8496.094 74.414 0
8501.953 74.473 0
8507.812 74.534 0
8513.672 74.595 0
8519.531 74.656 0
8525.391 74.716 0
8531.250 74.776 0
8537.109 74.836 0
8542.969 74.895 0
8548.828 74.954 0
8554.688 75.013 0
8560.547 75.071 0
8566.406 75.130 0
8572.266 75.187 0
8578.125 75.244 0
8583.984 75.300 0
8589.844 75.353 0
8595.703 75.404 0
8601.562 75.450 0
8607.422 75.492 0
8613.281 75.528 0
8619.141 75.557 0
8625.000 75.579 0
8630.859 75.593 0
8636.719 75.599 0
8642.578 75.596 0
8648.438 75.585 0
8654.297 75.566 0
8660.156 75.539 0
8666.016 75.505 0
8671.875 75.465 0
8677.734 75.420 0
8683.594 75.372 0
8689.453 75.320 0
8695.312 75.268 0
8701.172 75.215 0
8707.031 75.164 0
8712.891 75.115 0
8718.750 75.070 0
8724.609 75.031 0
8730.469 74.998 0
8736.328 74.973 0
8742.188 74.957 0
8748.047 74.949 0
8753.906 74.951 0
8759.766 74.963 0
8765.625 74.985 0
8771.484 75.015 0
8777.344 75.055 0
8783.203 75.102 0
8789.062 75.155 0
8794.922 75.214 0
8800.781 75.276 0
8806.641 75.340 0
8812.500 75.406 0
8818.359 75.470 0
8824.219 75.533 0
8830.078 75.593 0
8835.938 75.650 0
8841.797 75.704 0
8847.656 75.753 0
8853.516 75.799 0
8859.375 75.841 0
8865.234 75.881 0
8871.094 75.918 0
8876.953 75.954 0
8882.812 75.989 0
8888.672 76.024 0
8894.531 76.060 0
8900.391 76.096 0
8906.250 76.133 0
8912.109 76.170 0
8917.969 76.207 0
8923.828 76.243 0
8929.688 76.276 0
8935.547 76.307 0
8941.406 76.332 0
8947.266 76.352 0
8953.125 76.364 0
8958.984 76.367 0
8964.844 76.360 0
8970.703 76.342 0
8976.562 76.313 0
8982.422 76.271 0
8988.281 76.217 0
8994.141 76.149 0
9000.000 76.070 0
9005.859 75.978 0
9011.719 75.874 0
9017.578 75.760 0
9023.438 75.635 0
9029.297 75.502 0
9035.156 75.362 0
9041.016 75.215 0
9046.875 75.064 0
9052.734 74.909 0
9058.594 74.754 0
9064.453 74.598 0
9070.312 74.445 0
9076.172 74.295 0
9082.031 74.151 0
9087.891 74.014 0
9093.750 73.886 0
9099.609 73.769 0
9105.469 73.663 0
9111.328 73.570 0
9117.188 73.490 0
9123.047 73.425 0
9128.906 73.373 0
9134.766 73.336 0
9140.625 73.313 0
9146.484 73.302 0
9152.344 73.303 0
9158.203 73.315 0
9164.062 73.336 0
9169.922 73.366 0
9175.781 73.402 0
9181.641 73.444 0
9187.500 73.491 0
9193.359 73.541 0
9199.219 73.593 0
9205.078 73.647 0
9210.938 73.702 0
9216.797 73.757 0
9222.656 73.812 0
9228.516 73.865 0
9234.375 73.918 0
9240.234 73.968 0
9246.094 74.016 0
9251.953 74.062 0
9257.812 74.105 0
9263.672 74.144 0
9269.531 74.180 0
9275.391 74.212 0
9281.250 74.241 0
9287.109 74.266 0
9292.969 74.287 0
9298.828 74.305 0
9304.688 74.320 0
9310.547 74.333 0
9316.406 74.342 0
9322.266 74.350 0
9328.125 74.356 0
9333.984 74.360 0
9339.844 74.362 0
9345.703 74.361 0
9351.562 74.359 0
9357.422 74.353 0
9363.281 74.345 0
9369.141 74.331 0
9375.000 74.313 0
9380.859 74.289 0
9386.719 74.259 0
9392.578 74.221 0
9398.438 74.175 0
9404.297 74.122 0
9410.156 74.059 0
9416.016 73.988 0
9421.875 73.908 0
9427.734 73.819 0
9433.594 73.721 0
9439.453 73.616 0
9445.312 73.503 0
9451.172 73.384 0
9457.031 73.258 0
9462.891 73.127 0
9468.750 72.992 0
9474.609 72.852 0
9480.469 72.710 0
9486.328 72.566 0
9492.188 72.422 0
9498.047 72.277 0
9503.906 72.134 0
9509.766 71.992 0
9515.625 71.854 0
9521.484 71.720 0
9527.344 71.592 0
9533.203 71.469 0
9539.062 71.354 0
9544.922 71.247 0
9550.781 71.149 0
9556.641 71.061 0
9562.500 70.983 0
9568.359 70.915 0
9574.219 70.859 0
9580.078 70.812 0
9585.938 70.776 0
9591.797 70.750 0
9597.656 70.732 0
9603.516 70.721 0
9609.375 70.717 0
9615.234 70.717 0
9621.094 70.721 0
9626.953 70.726 0
9632.812 70.731 0
9638.672 70.736 0
9644.531 70.737 0
9650.391 70.735 0
9656.250 70.729 0
9662.109 70.717 0
9667.969 70.700 0
9673.828 70.677 0
9679.688 70.650 0
9685.547 70.617 0
9691.406 70.579 0
9697.266 70.539 0
9703.125 70.495 0
9708.984 70.450 0
9714.844 70.404 0
9720.703 70.360 0
9726.562 70.316 0
9732.422 70.276 0
9738.281 70.239 0
9744.141 70.207 0
9750.000 70.179 0
9755.859 70.157 0
9761.719 70.141 0
9767.578 70.130 0
9773.438 70.124 0
9779.297 70.123 0
9785.156 70.127 0
9791.016 70.135 0
9796.875 70.146 0
9802.734 70.159 0
9808.594 70.175 0
9814.453 70.192 0
9820.312 70.210 0
9826.172 70.228 0
9832.031 70.246 0
9837.891 70.263 0
9843.750 70.279 0
9849.609 70.295 0
9855.469 70.309 0
9861.328 70.322 0
9867.188 70.333 0
9873.047 70.342 0
9878.906 70.351 0
9884.766 70.357 0
9890.625 70.363 0
9896.484 70.367 0
9902.344 70.371 0
9908.203 70.373 0
9914.062 70.376 0
9919.922 70.378 0
9925.781 70.380 0
9931.641 70.383 0
9937.500 70.386 0
9943.359 70.390 0
9949.219 70.394 0
9955.078 70.400 0
9960.938 70.405 0
9966.797 70.412 0
9972.656 70.418 0
9978.516 70.424 0
9984.375 70.429 0
9990.234 70.433 0
9996.094 70.435 0
10001.953 70.434 0
10007.812 70.430 0
10013.672 70.422 0
10019.531 70.409 0
10025.391 70.392 0
10031.250 70.368 0
10037.109 70.339 0
10042.969 70.303 0
10048.828 70.261 0
10054.688 70.214 0
10060.547 70.160 0
10066.406 70.100 0
10072.266 70.036 0
10078.125 69.967 0
10083.984 69.895 0
10089.844 69.819 0
10095.703 69.742 0
10101.562 69.662 0
10107.422 69.582 0
10113.281 69.502 0
10119.141 69.422 0
10125.000 69.343 0
10130.859 69.264 0
10136.719 69.187 0
10142.578 69.110 0
10148.438 69.034 0
10154.297 68.958 0
10160.156 68.882 0
10166.016 68.806 0
10171.875 68.729 0
10177.734 68.651 0
10183.594 68.573 0
10189.453 68.493 0
10195.312 68.412 0
10201.172 68.330 0
10207.031 68.247 0
10212.891 68.165 0
10218.750 68.084 0
10224.609 68.005 0
10230.469 67.928 0
10236.328 67.855 0
10242.188 67.787 0
10248.047 67.724 0
10253.906 67.668 0
10259.766 67.619 0
10265.625 67.578 0
10271.484 67.545 0
10277.344 67.521 0
10283.203 67.505 0
10289.062 67.497 0
10294.922 67.497 0
10300.781 67.503 0
10306.641 67.516 0
10312.500 67.533 0
10318.359 67.554 0
10324.219 67.579 0
10330.078 67.605 0
10335.938 67.631 0
10341.797 67.658 0
10347.656 67.684 0
10353.516 67.708 0
10359.375 67.730 0
10365.234 67.749 0
10371.094 67.765 0
10376.953 67.778 0
10382.812 67.787 0
10388.672 67.793 0
10394.531 67.796 0
10400.391 67.795 0
10406.250 67.793 0
10412.109 67.788 0
10417.969 67.782 0
10423.828 67.776 0
10429.688 67.770 0
10435.547 67.765 0
10441.406 67.763 0
10447.266 67.763 0
10453.125 67.768 0
10458.984 67.777 0
10464.844 67.792 0
10470.703 67.814 0
10476.562 67.841 0
10482.422 67.876 0
10488.281 67.918 0
10494.141 67.967 0
10500.000 68.022 0
10505.859 68.084 0
10511.719 68.151 0
10517.578 68.223 0
10523.438 68.299 0
10529.297 68.378 0
10535.156 68.459 0
10541.016 68.541 0
10546.875 68.623 0
10552.734 68.704 0
10558.594 68.783 0
10564.453 68.858 0
10570.312 68.929 0
10576.172 68.995 0
10582.031 69.056 0
10587.891 69.110 0
10593.750 69.157 0
10599.609 69.196 0
10605.469 69.228 0
10611.328 69.251 0
10617.188 69.266 0
10623.047 69.272 0
10628.906 69.269 0
10634.766 69.259 0
10640.625 69.240 0
10646.484 69.213 0
10652.344 69.180 0
10658.203 69.139 0
10664.062 69.093 0
10669.922 69.042 0
10675.781 68.987 0
10681.641 68.929 0
10687.500 68.868 0
10693.359 68.806 0
10699.219 68.744 0
10705.078 68.682 0
10710.938 68.621 0
10716.797 68.561 0
10722.656 68.504 0
10728.516 68.449 0
10734.375 68.397 0
10740.234 68.347 0
10746.094 68.300 0
10751.953 68.255 0
10757.812 68.211 0
10763.672 68.169 0
10769.531 68.127 0
10775.391 68.085 0
10781.250 68.043 0
10787.109 68.000 0
10792.969 67.955 0
10798.828 67.909 0
10804.688 67.859 0
10810.547 67.807 0
10816.406 67.753 0
10822.266 67.695 0
10828.125 67.634 0
10833.984 67.571 0
10839.844 67.505 0
10845.703 67.437 0
10851.562 67.367 0
10857.422 67.296 0
10863.281 67.224 0
10869.141 67.153 0
10875.000 67.082 0
10880.859 67.012 0
10886.719 66.945 0
10892.578 66.880 0
10898.438 66.817 0
10904.297 66.758 0
10910.156 66.703 0
10916.016 66.651 0
10921.875 66.602 0
10927.734 66.558 0
10933.594 66.517 0
10939.453 66.479 0
10945.312 66.444 0
10951.172 66.411 0
10957.031 66.381 0
10962.891 66.352 0
10968.750 66.325 0
10974.609 66.299 0
10980.469 66.274 0
10986.328 66.249 0
10992.188 66.224 0
10998.047 66.200 0
11003.906 66.176 0
11009.766 66.151 0
11015.625 66.127 0
11021.484 66.103 0
11027.344 66.079 0
11033.203 66.056 0
11039.062 66.033 0
11044.922 66.012 0
11050.781 65.991 0
11056.641 65.972 0
11062.500 65.955 0
11068.359 65.939 0
11074.219 65.925 0
11080.078 65.913 0
11085.938 65.904 0
11091.797 65.897 0
11097.656 65.892 0
11103.516 65.889 0
11109.375 65.889 0
11115.234 65.891 0
11121.094 65.894 0
11126.953 65.900 0
11132.812 65.906 0
11138.672 65.914 0
11144.531 65.923 0
11150.391 65.932 0
11156.250 65.942 0
11162.109 65.951 0
11167.969 65.959 0
11173.828 65.966 0
11179.688 65.971 0
11185.547 65.974 0
11191.406 65.975 0
11197.266 65.973 0
11203.125 65.968 0
11208.984 65.959 0
11214.844 65.947 0
11220.703 65.931 0
11226.562 65.911 0
11232.422 65.889 0
11238.281 65.863 0
11244.141 65.835 0
11250.000 65.804 0
11255.859 65.772 0
11261.719 65.739 0
11267.578 65.705 0
11273.438 65.672 0
11279.297 65.640 0
11285.156 65.610 0
11291.016 65.582 0
11296.875 65.557 0
11302.734 65.535 0
11308.594 65.517 0
11314.453 65.503 0
11320.312 65.493 0
11326.172 65.486 0
11332.031 65.483 0
11337.891 65.482 0
11343.750 65.485 0
11349.609 65.489 0
11355.469 65.495 0
11361.328 65.502 0
11367.188 65.509 0
11373.047 65.516 0
11378.906 65.522 0
11384.766 65.526 0
11390.625 65.529 0
11396.484 65.529 0
11402.344 65.527 0
11408.203 65.523 0
11414.062 65.515 0
11419.922 65.506 0
11425.781 65.493 0
11431.641 65.478 0
11437.500 65.462 0
11443.359 65.443 0
11449.219 65.424 0
11455.078 65.404 0
11460.938 65.384 0
11466.797 65.365 0
11472.656 65.347 0
11478.516 65.331 0
11484.375 65.317 0
11490.234 65.307 0
11496.094 65.301 0
11501.953 65.300 0
11507.812 65.304 0
11513.672 65.314 0
11519.531 65.329 0
11525.391 65.352 0
11531.250 65.381 0
11537.109 65.417 0
11542.969 65.460 0
11548.828 65.510 0
11554.688 65.567 0
11560.547 65.630 0
11566.406 65.700 0
11572.266 65.774 0
11578.125 65.854 0
11583.984 65.937 0
11589.844 66.025 0
11595.703 66.114 0
11601.562 66.206 0
11607.422 66.299 0
11613.281 66.393 0
11619.141 66.487 0
11625.000 66.579 0
11630.859 66.671 0
11636.719 66.761 0
11642.578 66.849 0
11648.438 66.935 0
11654.297 67.018 0
11660.156 67.099 0
11666.016 67.177 0
11671.875 67.252 0
11677.734 67.324 0
11683.594 67.394 0
11689.453 67.462 0
11695.312 67.526 0
11701.172 67.589 0
11707.031 67.649 0
11712.891 67.707 0
11718.750 67.763 0
11724.609 67.817 0
11730.469 67.868 0
11736.328 67.917 0
11742.188 67.965 0
11748.047 68.009 0
11753.906 68.051 0
11759.766 68.091 0
11765.625 68.128 0
11771.484 68.162 0
11777.344 68.194 0
11783.203 68.222 0
11789.062 68.247 0
11794.922 68.270 0
11800.781 68.290 0
11806.641 68.306 0
11812.500 68.321 0
11818.359 68.332 0
11824.219 68.342 0
11830.078 68.350 0
11835.938 68.356 0
11841.797 68.361 0
11847.656 68.365 0
11853.516 68.369 0
11859.375 68.374 0
11865.234 68.379 0
11871.094 68.385 0
11876.953 68.392 0
11882.812 68.402 0
11888.672 68.414 0
11894.531 68.428 0
11900.391 68.446 0
11906.250 68.466 0
11912.109 68.489 0
11917.969 68.516 0
11923.828 68.546 0
11929.688 68.578 0
11935.547 68.613 0
11941.406 68.650 0
11947.266 68.689 0
11953.125 68.730 0
11958.984 68.772 0
11964.844 68.815 0
11970.703 68.858 0
11976.562 68.900 0
11982.422 68.942 0
11988.281 68.983 0
11994.141 69.023 0
12000.000 69.060 0
12005.859 69.096 0
12011.719 69.129 0
12017.578 69.160 0
12023.438 69.188 0
12029.297 69.212 0
12035.156 69.234 0
12041.016 69.253 0
12046.875 69.268 0
12052.734 69.280 0
12058.594 69.288 0
12064.453 69.292 0
12070.312 69.292 0
12076.172 69.289 0
12082.031 69.282 0
12087.891 69.270 0
12093.750 69.255 0
12099.609 69.235 0
12105.469 69.211 0
12111.328 69.183 0
12117.188 69.151 0
12123.047 69.114 0
12128.906 69.074 0
12134.766 69.029 0
12140.625 68.982 0
12146.484 68.930 0
12152.344 68.876 0
12158.203 68.818 0
12164.062 68.758 0
12169.922 68.696 0
12175.781 68.632 0
12181.641 68.566 0
12187.500 68.499 0
12193.359 68.431 0
12199.219 68.362 0
12205.078 68.292 0
12210.938 68.223 0
12216.797 68.153 0
12222.656 68.083 0
12228.516 68.014 0
12234.375 67.945 0
12240.234 67.876 0
12246.094 67.808 0
12251.953 67.740 0
12257.812 67.672 0
12263.672 67.605 0
12269.531 67.538 0
12275.391 67.472 0
12281.250 67.406 0
12287.109 67.340 0
12292.969 67.274 0
12298.828 67.209 0
12304.688 67.144 0
12310.547 67.080 0
12316.406 67.017 0
12322.266 66.954 0
12328.125 66.893 0
12333.984 66.833 0
12339.844 66.774 0
12345.703 66.718 0
12351.562 66.663 0
12357.422 66.611 0
12363.281 66.561 0
12369.141 66.514 0
12375.000 66.470 0
12380.859 66.430 0
12386.719 66.392 0
12392.578 66.358 0
12398.438 66.327 0
12404.297 66.300 0
12410.156 66.276 0
12416.016 66.255 0
12421.875 66.237 0
12427.734 66.222 0
12433.594 66.210 0
12439.453 66.201 0
12445.312 66.193 0
12451.172 66.187 0
12457.031 66.183 0
12462.891 66.180 0
12468.750 66.177 0
12474.609 66.175 0
12480.469 66.174 0
12486.328 66.171 0
12492.188 66.168 0
12498.047 66.164 0
12503.906 66.159 0
12509.766 66.152 0
12515.625 66.144 0
12521.484 66.133 0
12527.344 66.120 0
12533.203 66.105 0
12539.062 66.088 0
12544.922 66.068 0
12550.781 66.045 0
12556.641 66.021 0
12562.500 65.994 0
12568.359 65.965 0
12574.219 65.934 0
12580.078 65.901 0
12585.938 65.867 0
12591.797 65.831 0
12597.656 65.795 0
12603.516 65.758 0
12609.375 65.721 0
12615.234 65.684 0
12621.094 65.648 0
12626.953 65.613 0
12632.812 65.579 0
12638.672 65.547 0
12644.531 65.518 0
12650.391 65.492 0
12656.250 65.469 0
12662.109 65.450 0
12667.969 65.434 0
12673.828 65.423 0
12679.688 65.416 0
12685.547 65.414 0
12691.406 65.417 0
12697.266 65.424 0
12703.125 65.436 0
12708.984 65.454 0
12714.844 65.476 0
12720.703 65.502 0
12726.562 65.533 0
12732.422 65.568 0
12738.281 65.606 0
12744.141 65.648 0
12750.000 65.693 0
12755.859 65.741 0
12761.719 65.791 0
12767.578 65.842 0
12773.438 65.895 0
12779.297 65.949 0
12785.156 66.003 0
12791.016 66.058 0
12796.875 66.111 0
12802.734 66.164 0
12808.594 66.215 0
12814.453 66.265 0
12820.312 66.312 0
12826.172 66.357 0
12832.031 66.399 0
12837.891 66.437 0
12843.750 66.472 0
12849.609 66.503 0
12855.469 66.531 0
12861.328 66.554 0
12867.188 66.573 0
12873.047 66.587 0
12878.906 66.597 0
12884.766 66.603 0
12890.625 66.604 0
12896.484 66.601 0
12902.344 66.593 0
12908.203 66.581 0
12914.062 66.566 0
12919.922 66.546 0
12925.781 66.523 0
12931.641 66.496 0
12937.500 66.466 0
12943.359 66.434 0
12949.219 66.398 0
12955.078 66.360 0
12960.938 66.320 0
12966.797 66.278 0
12972.656 66.235 0
12978.516 66.189 0
12984.375 66.143 0
12990.234 66.095 0
12996.094 66.047 0
13001.953 65.998 0
13007.812 65.948 0
13013.672 65.898 0
13019.531 65.848 0
13025.391 65.798 0
13031.250 65.747 0
13037.109 65.698 0
13042.969 65.648 0
13048.828 65.599 0
13054.688 65.551 0
13060.547 65.504 0
13066.406 65.457 0
13072.266 65.412 0
13078.125 65.368 0
13083.984 65.326 0
13089.844 65.285 0
13095.703 65.246 0
13101.562 65.208 0
13107.422 65.172 0
13113.281 65.138 0
13119.141 65.106 0
13125.000 65.076 0
13130.859 65.049 0
13136.719 65.022 0
13142.578 64.998 0
13148.438 64.976 0
13154.297 64.956 0
13160.156 64.937 0
13166.016 64.920 0
13171.875 64.904 0
13177.734 64.890 0
13183.594 64.877 0
13189.453 64.866 0
13195.312 64.855 0
13201.172 64.845 0
13207.031 64.836 0
13212.891 64.828 0
13218.750 64.820 0
13224.609 64.813 0
13230.469 64.806 0
13236.328 64.798 0
13242.188 64.791 0
13248.047 64.784 0
13253.906 64.776 0
13259.766 64.768 0
13265.625 64.759 0
13271.484 64.749 0
13277.344 64.739 0
13283.203 64.727 0
13289.062 64.714 0
13294.922 64.700 0
13300.781 64.684 0
13306.641 64.666 0
13312.500 64.647 0
13318.359 64.626 0
13324.219 64.602 0
13330.078 64.577 0
13335.938 64.550 0
13341.797 64.520 0
13347.656 64.488 0
13353.516 64.454 0
13359.375 64.417 0
13365.234 64.378 0
13371.094 64.337 0
13376.953 64.292 0
13382.812 64.246 0
13388.672 64.197 0
13394.531 64.145 0
13400.391 64.091 0
13406.250 64.035 0
13412.109 63.976 0
13417.969 63.915 0
13423.828 63.853 0
13429.688 63.788 0
13435.547 63.722 0
13441.406 63.655 0
13447.266 63.586 0
13453.125 63.517 0
13458.984 63.447 0
13464.844 63.377 0
13470.703 63.307 0
13476.562 63.237 0
13482.422 63.169 0
13488.281 63.101 0
13494.141 63.035 0
13500.000 62.970 0
13505.859 62.908 0
13511.719 62.848 0
13517.578 62.791 0
13523.438 62.737 0
13529.297 62.686 0
13535.156 62.639 0
13541.016 62.595 0
13546.875 62.554 0
13552.734 62.517 0
13558.594 62.483 0
13564.453 62.453 0
13570.312 62.427 0
13576.172 62.403 0
13582.031 62.382 0
13587.891 62.364 0
13593.750 62.349 0
13599.609 62.335 0
13605.469 62.323 0
13611.328 62.312 0
13617.188 62.302 0
13623.047 62.293 0
13628.906 62.283 0
13634.766 62.274 0
13640.625 62.263 0
13646.484 62.252 0
13652.344 62.239 0
13658.203 62.225 0
13664.062 62.209 0
13669.922 62.191 0
13675.781 62.170 0
13681.641 62.147 0
13687.500 62.121 0
13693.359 62.092 0
13699.219 62.061 0
13705.078 62.027 0
13710.938 61.990 0
13716.797 61.950 0
13722.656 61.908 0
13728.516 61.864 0
13734.375 61.817 0
13740.234 61.768 0
13746.094 61.717 0
13751.953 61.664 0
13757.812 61.610 0
13763.672 61.554 0
13769.531 61.497 0
13775.391 61.440 0
13781.250 61.382 0
13787.109 61.323 0
13792.969 61.265 0
13798.828 61.207 0
13804.688 61.149 0
13810.547 61.092 0
13816.406 61.037 0
13822.266 60.982 0
13828.125 60.930 0
13833.984 60.879 0
13839.844 60.831 0
13845.703 60.785 0
13851.562 60.743 0
13857.422 60.704 0
13863.281 60.668 0
13869.141 60.636 0
13875.000 60.609 0
13880.859 60.586 0
13886.719 60.568 0
13892.578 60.554 0
13898.438 60.546 0
13904.297 60.543 0
13910.156 60.545 0
13916.016 60.553 0
13921.875 60.565 0
13927.734 60.582 0
13933.594 60.604 0
13939.453 60.631 0
13945.312 60.662 0
13951.172 60.696 0
13957.031 60.734 0
13962.891 60.774 0
13968.750 60.817 0
13974.609 60.862 0
13980.469 60.908 0
13986.328 60.954 0
13992.188 61.001 0
13998.047 61.048 0
14003.906 61.093 0
14009.766 61.138 0
14015.625 61.180 0
14021.484 61.221 0
14027.344 61.259 0
14033.203 61.294 0
14039.062 61.326 0
14044.922 61.354 0
14050.781 61.379 0
14056.641 61.400 0
14062.500 61.418 0
14068.359 61.431 0
14074.219 61.441 0
14080.078 61.446 0
14085.938 61.447 0
14091.797 61.445 0
14097.656 61.439 0
14103.516 61.429 0
14109.375 61.415 0
14115.234 61.398 0
14121.094 61.378 0
14126.953 61.355 0
14132.812 61.329 0
14138.672 61.301 0
14144.531 61.271 0
14150.391 61.238 0
14156.250 61.204 0
14162.109 61.169 0
14167.969 61.132 0
14173.828 61.095 0
14179.688 61.057 0
14185.547 61.020 0
14191.406 60.982 0
14197.266 60.944 0
14203.125 60.907 0
14208.984 60.871 0
14214.844 60.836 0
14220.703 60.801 0
14226.562 60.768 0
14232.422 60.736 0
14238.281 60.706 0
14244.141 60.676 0
14250.000 60.648 0
14255.859 60.621 0
14261.719 60.595 0
14267.578 60.570 0
14273.438 60.545 0
14279.297 60.522 0
14285.156 60.499 0
14291.016 60.477 0
14296.875 60.455 0
14302.734 60.433 0
14308.594 60.411 0
14314.453 60.389 0
14320.312 60.366 0
14326.172 60.344 0
14332.031 60.321 0
14337.891 60.298 0
14343.750 60.274 0
14349.609 60.250 0
14355.469 60.225 0
14361.328 60.200 0
14367.188 60.175 0
14373.047 60.150 0
14378.906 60.125 0
14384.766 60.099 0
14390.625 60.075 0
14396.484 60.050 0
14402.344 60.027 0
14408.203 60.004 0
14414.062 59.983 0
14419.922 59.963 0
14425.781 59.945 0
14431.641 59.929 0
14437.500 59.916 0
14443.359 59.905 0
14449.219 59.896 0
14455.078 59.891 0
14460.938 59.889 0
14466.797 59.890 0
14472.656 59.894 0
14478.516 59.901 0
14484.375 59.912 0
14490.234 59.926 0
14496.094 59.944 0
14501.953 59.965 0
14507.812 59.988 0
14513.672 60.015 0
14519.531 60.044 0
14525.391 60.076 0
14531.250 60.110 0
14537.109 60.145 0
14542.969 60.182 0
14548.828 60.221 0
14554.688 60.260 0
14560.547 60.299 0
14566.406 60.339 0
14572.266 60.378 0
14578.125 60.417 0
14583.984 60.454 0
14589.844 60.490 0
14595.703 60.525 0
14601.562 60.557 0
14607.422 60.587 0
14613.281 60.614 0
14619.141 60.638 0
14625.000 60.659 0
14630.859 60.677 0
14636.719 60.690 0
14642.578 60.701 0
14648.438 60.707 0
14654.297 60.709 0
14660.156 60.708 0
14666.016 60.703 0
14671.875 60.693 0
14677.734 60.681 0
14683.594 60.665 0
14689.453 60.645 0
14695.312 60.623 0
14701.172 60.597 0
14707.031 60.569 0
14712.891 60.539 0
14718.750 60.507 0
14724.609 60.474 0
14730.469 60.439 0
14736.328 60.404 0
14742.188 60.368 0
14748.047 60.332 0
14753.906 60.295 0
14759.766 60.260 0
14765.625 60.224 0
14771.484 60.190 0
14777.344 60.157 0
14783.203 60.124 0
14789.062 60.093 0
14794.922 60.064 0
14800.781 60.035 0
14806.641 60.009 0
14812.500 59.983 0
14818.359 59.959 0
14824.219 59.936 0
14830.078 59.915 0
14835.938 59.894 0
14841.797 59.874 0
14847.656 59.855 0
14853.516 59.837 0
14859.375 59.820 0
14865.234 59.802 0
14871.094 59.785 0
14876.953 59.768 0
14882.812 59.752 0
14888.672 59.734 0
14894.531 59.717 0
14900.391 59.700 0
14906.250 59.682 0
14912.109 59.663 0
14917.969 59.644 0
14923.828 59.625 0
14929.688 59.604 0
14935.547 59.583 0
14941.406 59.562 0
14947.266 59.539 0
14953.125 59.516 0
14958.984 59.492 0
14964.844 59.468 0
14970.703 59.443 0
14976.562 59.417 0
14982.422 59.390 0
14988.281 59.363 0
14994.141 59.335 0
15000.000 59.306 0
15005.859 59.277 0
15011.719 59.248 0
15017.578 59.218 0
15023.438 59.188 0
15029.297 59.158 0
15035.156 59.127 0
15041.016 59.097 0
15046.875 59.066 0
15052.734 59.035 0
15058.594 59.005 0
15064.453 58.974 0
15070.312 58.944 0
15076.172 58.913 0
15082.031 58.883 0
15087.891 58.853 0
15093.750 58.823 0
15099.609 58.793 0
15105.469 58.763 0
15111.328 58.734 0
15117.188 58.704 0
15123.047 58.675 0
15128.906 58.645 0
15134.766 58.615 0
15140.625 58.584 0
15146.484 58.554 0
15152.344 58.522 0
15158.203 58.491 0
15164.062 58.458 0
15169.922 58.424 0
15175.781 58.390 0
15181.641 58.354 0
15187.500 58.317 0
15193.359 58.278 0
15199.219 58.238 0
15205.078 58.196 0
15210.938 58.153 0
15216.797 58.107 0
15222.656 58.059 0
15228.516 58.009 0
15234.375 57.956 0
15240.234 57.902 0
15246.094 57.844 0
15251.953 57.785 0
15257.812 57.723 0
15263.672 57.659 0
15269.531 57.593 0
15275.391 57.525 0
15281.250 57.454 0
15287.109 57.382 0
15292.969 57.308 0
15298.828 57.233 0
15304.688 57.157 0
15310.547 57.079 0
15316.406 57.001 0
15322.266 56.923 0
15328.125 56.845 0
15333.984 56.767 0
15339.844 56.689 0
15345.703 56.613 0
15351.562 56.537 0
15357.422 56.464 0
15363.281 56.392 0
15369.141 56.323 0
15375.000 56.256 0
15380.859 56.192 0
15386.719 56.131 0
15392.578 56.074 0
15398.438 56.020 0
15404.297 55.970 0
15410.156 55.924 0
15416.016 55.881 0
15421.875 55.843 0
15427.734 55.809 0
15433.594 55.778 0
15439.453 55.752 0
15445.312 55.729 0
15451.172 55.710 0
15457.031 55.694 0
15462.891 55.682 0
15468.750 55.673 0
15474.609 55.666 0
15480.469 55.662 0
15486.328 55.660 0
15492.188 55.660 0
15498.047 55.662 0
15503.906 55.666 0
15509.766 55.670 0
15515.625 55.676 0
15521.484 55.682 0
15527.344 55.688 0
15533.203 55.695 0
15539.062 55.702 0
15544.922 55.709 0
15550.781 55.715 0
15556.641 55.721 0
15562.500 55.727 0
15568.359 55.732 0
15574.219 55.736 0
15580.078 55.739 0
15585.938 55.742 0
15591.797 55.744 0
15597.656 55.745 0
15603.516 55.746 0
15609.375 55.746 0
15615.234 55.745 0
15621.094 55.744 0
15626.953 55.743 0
15632.812 55.741 0
15638.672 55.739 0
15644.531 55.737 0
15650.391 55.735 0
15656.250 55.733 0
15662.109 55.731 0
15667.969 55.730 0
15673.828 55.729 0
15679.688 55.729 0
15685.547 55.729 0
15691.406 55.730 0
15697.266 55.732 0
15703.125 55.735 0
15708.984 55.739 0
15714.844 55.744 0
15720.703 55.750 0
15726.562 55.757 0
15732.422 55.765 0
15738.281 55.775 0
15744.141 55.785 0
15750.000 55.797 0
15755.859 55.811 0
15761.719 55.825 0
15767.578 55.841 0
15773.438 55.858 0
15779.297 55.876 0
15785.156 55.896 0
15791.016 55.916 0
15796.875 55.938 0
15802.734 55.962 0
15808.594 55.986 0
15814.453 56.011 0
15820.312 56.037 0
15826.172 56.064 0
15832.031 56.093 0
15837.891 56.121 0
15843.750 56.151 0
15849.609 56.181 0
15855.469 56.212 0
15861.328 56.243 0
15867.188 56.274 0
15873.047 56.306 0
15878.906 56.338 0
15884.766 56.369 0
15890.625 56.401 0
15896.484 56.432 0
15902.344 56.463 0
15908.203 56.494 0
15914.062 56.524 0
15919.922 56.554 0
15925.781 56.583 0
15931.641 56.611 0
15937.500 56.638 0
15943.359 56.664 0
15949.219 56.689 0
15955.078 56.713 0
15960.938 56.736 0
15966.797 56.758 0
15972.656 56.779 0
15978.516 56.798 0
15984.375 56.816 0
15990.234 56.833 0
15996.094 56.849 0
16001.953 56.863 0
16007.812 56.876 0
16013.672 56.888 0
16019.531 56.899 0
16025.391 56.908 0
16031.250 56.915 0
16037.109 56.921 0
16042.969 56.926 0
16048.828 56.929 0
16054.688 56.930 0
16060.547 56.930 0
16066.406 56.929 0
16072.266 56.925 0
16078.125 56.920 0
16083.984 56.912 0
16089.844 56.903 0
16095.703 56.892 0
16101.562 56.879 0
16107.422 56.864 0
16113.281 56.847 0
16119.141 56.827 0
16125.000 56.806 0
16130.859 56.782 0
16136.719 56.757 0
16142.578 56.729 0
16148.438 56.699 0
16154.297 56.666 0
16160.156 56.632 0
16166.016 56.596 0
16171.875 56.558 0
16177.734 56.518 0
16183.594 56.476 0
16189.453 56.432 0
16195.312 56.387 0
16201.172 56.340 0
16207.031 56.291 0
16212.891 56.241 0
16218.750 56.190 0
16224.609 56.137 0
16230.469 56.083 0
16236.328 56.028 0
16242.188 55.972 0
16248.047 55.915 0
16253.906 55.858 0
16259.766 55.799 0
16265.625 55.741 0
16271.484 55.681 0
16277.344 55.621 0
16283.203 55.561 0
16289.062 55.501 0
16294.922 55.440 0
16300.781 55.380 0
16306.641 55.320 0
16312.500 55.260 0
16318.359 55.200 0
16324.219 55.141 0
16330.078 55.082 0
16335.938 55.024 0
16341.797 54.967 0
16347.656 54.911 0
16353.516 54.856 0
16359.375 54.802 0
16365.234 54.749 0
16371.094 54.697 0
16376.953 54.647 0
16382.812 54.598 0
16388.672 54.551 0
16394.531 54.505 0
16400.391 54.461 0
16406.250 54.419 0
16412.109 54.378 0
16417.969 54.339 0
16423.828 54.302 0
16429.688 54.267 0
16435.547 54.234 0
16441.406 54.203 0
16447.266 54.174 0
16453.125 54.146 0
16458.984 54.121 0
16464.844 54.098 0
16470.703 54.077 0
16476.562 54.057 0
16482.422 54.040 0
16488.281 54.025 0
16494.141 54.012 0
16500.000 54.001 0
16505.859 53.991 0
16511.719 53.984 0
16517.578 53.978 0
16523.438 53.974 0
16529.297 53.971 0
16535.156 53.970 0
16541.016 53.970 0
16546.875 53.972 0
16552.734 53.974 0
16558.594 53.978 0
16564.453 53.982 0
16570.312 53.987 0
16576.172 53.991 0
16582.031 53.996 0
16587.891 54.001 0
16593.750 54.006 0
16599.609 54.010 0
16605.469 54.013 0
16611.328 54.015 0
16617.188 54.016 0
16623.047 54.015 0
16628.906 54.013 0
16634.766 54.008 0
16640.625 54.002 0
16646.484 53.994 0
16652.344 53.983 0
16658.203 53.969 0
16664.062 53.953 0
16669.922 53.934 0
16675.781 53.912 0
16681.641 53.887 0
16687.500 53.860 0
16693.359 53.829 0
16699.219 53.795 0
16705.078 53.758 0
16710.938 53.718 0
16716.797 53.674 0
16722.656 53.628 0
16728.516 53.579 0
16734.375 53.527 0
16740.234 53.473 0
16746.094 53.416 0
16751.953 53.356 0
16757.812 53.294 0
16763.672 53.230 0
16769.531 53.164 0
16775.391 53.097 0
16781.250 53.028 0
16787.109 52.957 0
16792.969 52.886 0
16798.828 52.813 0
16804.688 52.740 0
16810.547 52.667 0
16816.406 52.594 0
16822.266 52.520 0
16828.125 52.447 0
16833.984 52.375 0
16839.844 52.303 0
16845.703 52.233 0
16851.562 52.164 0
16857.422 52.096 0
16863.281 52.029 0
16869.141 51.964 0
16875.000 51.901 0
16880.859 51.840 0
16886.719 51.781 0
16892.578 51.724 0
16898.438 51.670 0
16904.297 51.617 0
16910.156 51.566 0
16916.016 51.518 0
16921.875 51.472 0
16927.734 51.427 0
16933.594 51.385 0
16939.453 51.345 0
16945.312 51.306 0
16951.172 51.269 0
16957.031 51.234 0
16962.891 51.200 0
16968.750 51.167 0
16974.609 51.136 0
16980.469 51.106 0
16986.328 51.076 0
16992.188 51.048 0
16998.047 51.020 0
17003.906 50.993 0
17009.766 50.966 0
17015.625 50.939 0
17021.484 50.913 0
17027.344 50.887 0
17033.203 50.861 0
17039.062 50.834 0
17044.922 50.807 0
17050.781 50.780 0
17056.641 50.753 0
17062.500 50.725 0
17068.359 50.696 0
17074.219 50.667 0
17080.078 50.637 0
17085.938 50.606 0
17091.797 50.574 0
17097.656 50.541 0
17103.516 50.508 0
17109.375 50.473 0
17115.234 50.437 0
17121.094 50.400 0
17126.953 50.362 0
17132.812 50.322 0
17138.672 50.282 0
17144.531 50.240 0
17150.391 50.197 0
17156.250 50.153 0
17162.109 50.108 0
17167.969 50.061 0
17173.828 50.014 0
17179.688 49.965 0
17185.547 49.915 0
17191.406 49.865 0
17197.266 49.813 0
17203.125 49.761 0
17208.984 49.708 0
17214.844 49.655 0
17220.703 49.601 0
17226.562 49.546 0
17232.422 49.492 0
17238.281 49.437 0
17244.141 49.382 0
17250.000 49.328 0
17255.859 49.273 0
17261.719 49.219 0
17267.578 49.166 0
17273.438 49.113 0
17279.297 49.061 0
17285.156 49.009 0
17291.016 48.959 0
17296.875 48.909 0
17302.734 48.861 0
17308.594 48.813 0
17314.453 48.767 0
17320.312 48.721 0
17326.172 48.677 0
17332.031 48.634 0
17337.891 48.592 0
17343.750 48.551 0
17349.609 48.512 0
17355.469 48.473 0
17361.328 48.436 0
17367.188 48.400 0
17373.047 48.365 0
17378.906 48.331 0
17384.766 48.298 0
17390.625 48.266 0
17396.484 48.235 0
17402.344 48.205 0
17408.203 48.177 0
17414.062 48.149 0
17419.922 48.123 0
17425.781 48.097 0
17431.641 48.073 0
17437.500 48.050 0
17443.359 48.028 0
17449.219 48.007 0
17455.078 47.988 0
17460.938 47.969 0
17466.797 47.952 0
17472.656 47.936 0
17478.516 47.922 0
17484.375 47.908 0
17490.234 47.896 0
17496.094 47.885 0
17501.953 47.875 0
17507.812 47.866 0
17513.672 47.859 0
17519.531 47.852 0
17525.391 47.846 0
17531.250 47.841 0
17537.109 47.837 0
17542.969 47.834 0
17548.828 47.831 0
17554.688 47.829 0
17560.547 47.828 0
17566.406 47.827 0
17572.266 47.826 0
17578.125 47.826 0
17583.984 47.826 0
17589.844 47.827 0
17595.703 47.827 0
17601.562 47.828 0
17607.422 47.829 0
17613.281 47.830 0
17619.141 47.831 0
17625.000 47.832 0
17630.859 47.833 0
17636.719 47.834 0
17642.578 47.835 0
17648.438 47.836 0
17654.297 47.836 0
17660.156 47.837 0
17666.016 47.837 0
17671.875 47.837 0
17677.734 47.836 0
17683.594 47.835 0
17689.453 47.834 0
17695.312 47.832 0
17701.172 47.829 0
17707.031 47.825 0
17712.891 47.821 0
17718.750 47.816 0
17724.609 47.810 0
17730.469 47.803 0
17736.328 47.794 0
17742.188 47.785 0
17748.047 47.774 0
17753.906 47.762 0
17759.766 47.749 0
17765.625 47.734 0
17771.484 47.718 0
17777.344 47.700 0
17783.203 47.681 0
17789.062 47.660 0
17794.922 47.638 0
17800.781 47.614 0
17806.641 47.589 0
17812.500 47.562 0
17818.359 47.535 0
17824.219 47.505 0
17830.078 47.475 0
17835.938 47.444 0
17841.797 47.411 0
17847.656 47.378 0
17853.516 47.343 0
17859.375 47.308 0
17865.234 47.273 0
17871.094 47.236 0
17876.953 47.200 0
17882.812 47.163 0
17888.672 47.126 0
17894.531 47.089 0
17900.391 47.051 0
17906.250 47.014 0
17912.109 46.977 0
17917.969 46.940 0
17923.828 46.904 0
17929.688 46.868 0
17935.547 46.833 0
17941.406 46.798 0
17947.266 46.764 0
17953.125 46.730 0
17958.984 46.697 0
17964.844 46.665 0
17970.703 46.634 0
17976.562 46.603 0
17982.422 46.573 0
17988.281 46.545 0
17994.141 46.517 0
18000.000 46.490 0
18005.859 46.463 0
18011.719 46.438 0
18017.578 46.414 0
18023.438 46.390 0
18029.297 46.368 0
18035.156 46.346 0
18041.016 46.325 0
18046.875 46.305 0
18052.734 46.286 0
18058.594 46.267 0
18064.453 46.249 0
18070.312 46.232 0
18076.172 46.215 0
18082.031 46.199 0
18087.891 46.183 0
18093.750 46.168 0
18099.609 46.153 0
18105.469 46.138 0
18111.328 46.124 0
18117.188 46.109 0
18123.047 46.095 0
18128.906 46.081 0
18134.766 46.068 0
18140.625 46.054 0
18146.484 46.040 0
18152.344 46.025 0
18158.203 46.011 0
18164.062 45.997 0
18169.922 45.982 0
18175.781 45.967 0
18181.641 45.952 0
18187.500 45.937 0
18193.359 45.921 0
18199.219 45.906 0
18205.078 45.890 0
18210.938 45.873 0
18216.797 45.857 0
18222.656 45.840 0
18228.516 45.824 0
18234.375 45.807 0
18240.234 45.790 0
18246.094 45.774 0
18251.953 45.757 0
18257.812 45.740 0
18263.672 45.724 0
18269.531 45.708 0
18275.391 45.692 0
18281.250 45.676 0
18287.109 45.660 0
18292.969 45.645 0
18298.828 45.631 0
18304.688 45.616 0
18310.547 45.603 0
18316.406 45.590 0
18322.266 45.577 0
18328.125 45.565 0
18333.984 45.554 0
18339.844 45.543 0
18345.703 45.533 0
18351.562 45.523 0
18357.422 45.515 0
18363.281 45.507 0
18369.141 45.500 0
18375.000 45.494 0
18380.859 45.488 0
18386.719 45.484 0
18392.578 45.480 0
18398.438 45.477 0
18404.297 45.475 0
18410.156 45.474 0
18416.016 45.474 0
18421.875 45.475 0
18427.734 45.476 0
18433.594 45.479 0
18439.453 45.482 0
18445.312 45.486 0
18451.172 45.491 0
18457.031 45.497 0
18462.891 45.504 0
18468.750 45.511 0
18474.609 45.519 0
18480.469 45.528 0
18486.328 45.538 0
18492.188 45.548 0
18498.047 45.558 0
18503.906 45.569 0
18509.766 45.580 0
18515.625 45.592 0
18521.484 45.604 0
18527.344 45.616 0
18533.203 45.628 0
18539.062 45.640 0
18544.922 45.652 0
18550.781 45.664 0
18556.641 45.675 0
18562.500 45.687 0
18568.359 45.698 0
18574.219 45.708 0
18580.078 45.718 0
18585.938 45.728 0
18591.797 45.736 0
18597.656 45.744 0
18603.516 45.752 0
18609.375 45.758 0
18615.234 45.764 0
18621.094 45.769 0
18626.953 45.773 0
18632.812 45.776 0
18638.672 45.778 0
18644.531 45.779 0
18650.391 45.779 0
18656.250 45.779 0
18662.109 45.777 0
18667.969 45.774 0
18673.828 45.771 0
18679.688 45.766 0
18685.547 45.761 0
18691.406 45.755 0
18697.266 45.748 0
18703.125 45.740 0
18708.984 45.731 0
18714.844 45.722 0
18720.703 45.712 0
18726.562 45.702 0
18732.422 45.691 0
18738.281 45.679 0
18744.141 45.667 0
18750.000 45.655 0
18755.859 45.642 0
18761.719 45.629 0
18767.578 45.616 0
18773.438 45.602 0
18779.297 45.588 0
18785.156 45.573 0
18791.016 45.559 0
18796.875 45.544 0
18802.734 45.529 0
18808.594 45.514 0
18814.453 45.499 0
18820.312 45.483 0
18826.172 45.467 0
18832.031 45.451 0
18837.891 45.435 0
18843.750 45.418 0
18849.609 45.401 0
18855.469 45.384 0
18861.328 45.366 0
18867.188 45.348 0
18873.047 45.329 0
18878.906 45.310 0
18884.766 45.291 0
18890.625 45.271 0
18896.484 45.251 0
18902.344 45.230 0
18908.203 45.208 0
18914.062 45.187 0
18919.922 45.164 0
18925.781 45.141 0
18931.641 45.118 0
18937.500 45.093 0
18943.359 45.069 0
18949.219 45.043 0
18955.078 45.018 0
18960.938 44.991 0
18966.797 44.964 0
18972.656 44.936 0
18978.516 44.908 0
18984.375 44.879 0
18990.234 44.850 0
18996.094 44.819 0
19001.953 44.789 0
19007.812 44.757 0
19013.672 44.725 0
19019.531 44.693 0
19025.391 44.660 0
19031.250 44.626 0
19037.109 44.592 0
19042.969 44.557 0
19048.828 44.522 0
19054.688 44.487 0
19060.547 44.451 0
19066.406 44.414 0
19072.266 44.378 0
19078.125 44.341 0
19083.984 44.304 0
19089.844 44.267 0
19095.703 44.231 0
19101.562 44.194 0
19107.422 44.158 0
19113.281 44.122 0
19119.141 44.087 0
19125.000 44.052 0
19130.859 44.018 0
19136.719 43.985 0
19142.578 43.953 0
19148.438 43.922 0
19154.297 43.893 0
19160.156 43.865 0
19166.016 43.839 0
19171.875 43.814 0
19177.734 43.792 0
19183.594 43.771 0
19189.453 43.752 0
19195.312 43.736 0
19201.172 43.721 0
19207.031 43.709 0
19212.891 43.700 0
19218.750 43.692 0
19224.609 43.687 0
19230.469 43.685 0
19236.328 43.684 0
19242.188 43.686 0
19248.047 43.691 0
19253.906 43.697 0
19259.766 43.706 0
19265.625 43.716 0
19271.484 43.729 0
19277.344 43.743 0
19283.203 43.759 0
19289.062 43.776 0
19294.922 43.795 0
19300.781 43.815 0
19306.641 43.836 0
19312.500 43.857 0
19318.359 43.880 0
19324.219 43.903 0
19330.078 43.926 0
19335.938 43.950 0
19341.797 43.973 0
19347.656 43.997 0
19353.516 44.020 0
19359.375 44.043 0
19365.234 44.065 0
19371.094 44.087 0
19376.953 44.108 0
19382.812 44.127 0
19388.672 44.146 0
19394.531 44.163 0
19400.391 44.179 0
19406.250 44.194 0
19412.109 44.207 0
19417.969 44.218 0
19423.828 44.228 0
19429.688 44.236 0
19435.547 44.242 0
19441.406 44.246 0
19447.266 44.248 0
19453.125 44.248 0
19458.984 44.247 0
19464.844 44.243 0
19470.703 44.237 0
19476.562 44.229 0
19482.422 44.219 0
19488.281 44.207 0
19494.141 44.193 0
19500.000 44.177 0
19505.859 44.160 0
19511.719 44.140 0
19517.578 44.119 0
19523.438 44.097 0
19529.297 44.073 0
19535.156 44.048 0
19541.016 44.021 0
19546.875 43.994 0
19552.734 43.966 0
19558.594 43.937 0
19564.453 43.907 0
19570.312 43.877 0
19576.172 43.847 0
19582.031 43.816 0
19587.891 43.785 0
19593.750 43.755 0
19599.609 43.725 0
19605.469 43.695 0
19611.328 43.666 0
19617.188 43.638 0
19623.047 43.610 0
19628.906 43.584 0
19634.766 43.558 0
19640.625 43.533 0
19646.484 43.510 0
19652.344 43.488 0
19658.203 43.466 0
19664.062 43.447 0
19669.922 43.428 0
19675.781 43.411 0
19681.641 43.394 0
19687.500 43.380 0
19693.359 43.366 0
19699.219 43.354 0
19705.078 43.342 0
19710.938 43.332 0
19716.797 43.323 0
19722.656 43.315 0
19728.516 43.308 0
19734.375 43.302 0
19740.234 43.297 0
19746.094 43.292 0
19751.953 43.289 0
19757.812 43.287 0
19763.672 43.285 0
19769.531 43.284 0
19775.391 43.284 0
19781.250 43.285 0
19787.109 43.287 0
19792.969 43.290 0
19798.828 43.293 0
19804.688 43.298 0
19810.547 43.304 0
19816.406 43.310 0
19822.266 43.318 0
19828.125 43.326 0
19833.984 43.336 0
19839.844 43.347 0
19845.703 43.359 0
19851.562 43.372 0
19857.422 43.387 0
19863.281 43.402 0
19869.141 43.419 0
19875.000 43.436 0
19880.859 43.455 0
19886.719 43.475 0
19892.578 43.496 0
19898.438 43.517 0
19904.297 43.540 0
19910.156 43.564 0
19916.016 43.588 0
19921.875 43.613 0
19927.734 43.638 0
19933.594 43.663 0
19939.453 43.689 0
19945.312 43.715 0
19951.172 43.742 0
19957.031 43.768 0
19962.891 43.793 0
19968.750 43.819 0
19974.609 43.843 0
19980.469 43.868 0
19986.328 43.891 0
19992.188 43.914 0
