* Measurement data measured by REW V5,19
* Source: Input device not selected, no input selected, L, volume: no control
* Format: 8192-point spectrum using Hann window and 32 averages 
* Dated: 16-jun-2021 17:42:42
* REW Settings:
*  C-weighting compensation: Off
*  Target level: 75.0 dB
* Note: 8192-point spectrum using Hann window and 32 averages Input RMS 115,4 dB, 113,9 dBC, 115,6 dBA
* Measurement: jun 16 17:42:42
* Smoothing: None
* Frequency Step: 5.859375 Hz
* Start Frequency: 10.0 Hz
*
* Freq(Hz) SPL(dB) Phase(degrees)
11.719 74.399 0
17.578 79.304 0
23.438 81.734 0
29.297 85.375 0
35.156 86.681 0
41.016 85.103 0
46.875 86.280 0
52.734 84.910 0
58.594 80.580 0
64.453 77.314 0
70.312 80.463 0
76.172 81.060 0
82.031 79.627 0
87.891 76.592 0
93.750 76.988 0
99.609 78.716 0
105.469 80.025 0
111.328 80.243 0
117.188 79.327 0
123.047 79.671 0
128.906 80.625 0
134.766 79.903 0
140.625 78.482 0
146.484 79.697 0
152.344 78.367 0
158.203 76.940 0
164.062 75.089 0
169.922 75.747 0
175.781 75.069 0
181.641 75.700 0
187.500 75.374 0
193.359 75.660 0
199.219 76.923 0
205.078 77.082 0
210.938 76.781 0
216.797 75.529 0
222.656 76.974 0
228.516 76.600 0
234.375 75.971 0
240.234 76.300 0
246.094 77.272 0
251.953 77.956 0
257.812 77.119 0
263.672 76.630 0
269.531 76.712 0
275.391 76.131 0
281.250 77.175 0
287.109 77.685 0
292.969 78.099 0
298.828 78.824 0
304.688 77.050 0
310.547 77.304 0
316.406 78.675 0
322.266 78.220 0
328.125 78.233 0
333.984 77.606 0
339.844 78.885 0
345.703 77.410 0
351.562 76.550 0
357.422 77.404 0
363.281 77.188 0
369.141 78.138 0
375.000 78.406 0
380.859 78.849 0
386.719 78.402 0
392.578 78.198 0
398.438 77.382 0
404.297 78.402 0
410.156 77.683 0
416.016 78.303 0
421.875 78.884 0
427.734 77.403 0
433.594 77.884 0
439.453 78.031 0
445.312 78.499 0
451.172 77.856 0
457.031 78.309 0
462.891 78.232 0
468.750 78.111 0
474.609 76.981 0
480.469 78.173 0
486.328 78.852 0
492.188 77.632 0
498.047 77.303 0
503.906 78.551 0
509.766 78.614 0
515.625 77.143 0
521.484 76.545 0
527.344 77.572 0
533.203 78.427 0
539.062 78.479 0
544.922 77.554 0
550.781 77.906 0
556.641 77.361 0
562.500 77.170 0
568.359 77.825 0
574.219 79.137 0
580.078 77.395 0
585.938 78.413 0
591.797 78.105 0
597.656 78.457 0
603.516 77.656 0
609.375 76.990 0
615.234 77.342 0
621.094 77.479 0
626.953 75.310 0
632.812 75.927 0
638.672 77.074 0
644.531 77.391 0
650.391 77.102 0
656.250 77.271 0
662.109 77.425 0
667.969 77.072 0
673.828 77.278 0
679.688 75.975 0
685.547 78.380 0
691.406 78.324 0
697.266 78.369 0
703.125 78.890 0
708.984 78.046 0
714.844 77.607 0
720.703 78.669 0
726.562 78.537 0
732.422 76.763 0
738.281 77.690 0
744.141 78.372 0
750.000 77.184 0
755.859 77.320 0
761.719 78.016 0
767.578 77.761 0
773.438 78.718 0
779.297 78.462 0
785.156 78.143 0
791.016 78.022 0
796.875 77.320 0
802.734 77.782 0
808.594 76.739 0
814.453 77.525 0
820.312 78.221 0
826.172 77.026 0
832.031 77.179 0
837.891 78.014 0
843.750 78.476 0
849.609 77.282 0
855.469 77.784 0
861.328 78.883 0
867.188 78.599 0
873.047 78.053 0
878.906 77.985 0
884.766 77.387 0
890.625 76.375 0
896.484 77.223 0
902.344 78.021 0
908.203 78.228 0
914.062 78.854 0
919.922 77.929 0
925.781 77.354 0
931.641 77.753 0
937.500 79.000 0
943.359 77.832 0
949.219 77.018 0
955.078 79.256 0
960.938 78.543 0
966.797 78.469 0
972.656 78.736 0
978.516 78.542 0
984.375 78.420 0
990.234 78.192 0
996.094 78.565 0
1001.953 78.671 0
1007.812 79.125 0
1013.672 78.241 0
1019.531 77.957 0
1025.391 77.830 0
1031.250 78.723 0
1037.109 77.942 0
1042.969 78.658 0
1048.828 78.781 0
1054.688 78.844 0
1060.547 77.899 0
1066.406 79.427 0
1072.266 80.085 0
1078.125 78.304 0
1083.984 79.262 0
1089.844 79.870 0
1095.703 78.645 0
1101.562 77.761 0
1107.422 77.590 0
1113.281 78.020 0
1119.141 77.730 0
1125.000 78.151 0
1130.859 78.133 0
1136.719 78.020 0
1142.578 78.208 0
1148.438 79.467 0
1154.297 78.826 0
1160.156 77.846 0
1166.016 78.014 0
1171.875 77.092 0
1177.734 77.405 0
1183.594 78.290 0
1189.453 78.351 0
1195.312 78.473 0
1201.172 77.598 0
1207.031 77.444 0
1212.891 77.184 0
1218.750 77.587 0
1224.609 79.065 0
1230.469 79.425 0
1236.328 78.828 0
1242.188 79.424 0
1248.047 78.053 0
1253.906 76.677 0
1259.766 76.229 0
1265.625 77.075 0
1271.484 78.054 0
1277.344 77.309 0
1283.203 77.643 0
1289.062 77.703 0
1294.922 77.504 0
1300.781 77.259 0
1306.641 76.314 0
1312.500 76.560 0
1318.359 76.515 0
1324.219 76.686 0
1330.078 76.714 0
1335.938 77.681 0
1341.797 78.121 0
1347.656 76.370 0
1353.516 78.111 0
1359.375 78.224 0
1365.234 77.772 0
1371.094 77.952 0
1376.953 78.429 0
1382.812 77.315 0
1388.672 77.316 0
1394.531 76.766 0
1400.391 76.846 0
1406.250 77.393 0
1412.109 77.469 0
1417.969 77.932 0
1423.828 77.756 0
1429.688 77.858 0
1435.547 78.274 0
1441.406 77.920 0
1447.266 77.408 0
1453.125 75.595 0
1458.984 75.181 0
1464.844 76.840 0
1470.703 76.913 0
1476.562 77.260 0
1482.422 77.218 0
1488.281 76.445 0
1494.141 76.583 0
1500.000 78.841 0
1505.859 78.142 0
1511.719 76.732 0
1517.578 76.637 0
1523.438 77.319 0
1529.297 77.780 0
1535.156 78.212 0
1541.016 77.445 0
1546.875 76.997 0
1552.734 77.361 0
1558.594 76.954 0
1564.453 77.973 0
1570.312 78.144 0
1576.172 77.817 0
1582.031 78.355 0
1587.891 77.638 0
1593.750 77.109 0
1599.609 77.327 0
1605.469 77.986 0
1611.328 77.028 0
1617.188 76.210 0
1623.047 77.656 0
1628.906 78.882 0
1634.766 78.802 0
1640.625 76.811 0
1646.484 77.068 0
1652.344 77.218 0
1658.203 77.734 0
1664.062 78.078 0
1669.922 77.998 0
1675.781 75.945 0
1681.641 76.375 0
1687.500 78.155 0
1693.359 78.009 0
1699.219 76.198 0
1705.078 76.957 0
1710.938 77.676 0
1716.797 78.886 0
1722.656 78.795 0
1728.516 78.328 0
1734.375 77.711 0
1740.234 77.224 0
1746.094 77.161 0
1751.953 77.485 0
1757.812 78.952 0
1763.672 77.933 0
1769.531 77.852 0
1775.391 77.461 0
1781.250 78.978 0
1787.109 78.669 0
1792.969 79.384 0
1798.828 78.085 0
1804.688 77.922 0
1810.547 78.312 0
1816.406 78.750 0
1822.266 78.780 0
1828.125 78.922 0
1833.984 79.172 0
1839.844 78.336 0
1845.703 77.639 0
1851.562 79.435 0
1857.422 78.704 0
1863.281 78.611 0
1869.141 79.080 0
1875.000 80.307 0
1880.859 79.676 0
1886.719 79.020 0
1892.578 79.475 0
1898.438 79.520 0
1904.297 79.180 0
1910.156 78.439 0
1916.016 79.168 0
1921.875 79.449 0
1927.734 79.450 0
1933.594 79.083 0
1939.453 78.360 0
1945.312 77.761 0
1951.172 78.724 0
1957.031 78.951 0
1962.891 78.263 0
1968.750 78.355 0
1974.609 78.349 0
1980.469 78.638 0
1986.328 77.951 0
1992.188 77.845 0
1998.047 78.771 0
2003.906 79.988 0
2009.766 79.428 0
2015.625 78.050 0
2021.484 78.497 0
2027.344 77.337 0
2033.203 77.028 0
2039.062 77.271 0
2044.922 78.406 0
2050.781 79.331 0
2056.641 77.699 0
2062.500 77.973 0
2068.359 77.659 0
2074.219 77.133 0
2080.078 79.340 0
2085.938 79.468 0
2091.797 78.688 0
2097.656 78.988 0
2103.516 78.520 0
2109.375 78.996 0
2115.234 79.067 0
2121.094 78.608 0
2126.953 76.953 0
2132.812 78.468 0
2138.672 78.751 0
2144.531 77.696 0
2150.391 78.562 0
2156.250 77.205 0
2162.109 76.369 0
2167.969 75.954 0
2173.828 77.863 0
2179.688 78.381 0
2185.547 76.506 0
2191.406 76.926 0
2197.266 78.109 0
2203.125 77.883 0
2208.984 77.507 0
2214.844 76.392 0
2220.703 77.040 0
2226.562 77.248 0
2232.422 78.616 0
2238.281 78.245 0
2244.141 77.465 0
2250.000 77.012 0
2255.859 76.937 0
2261.719 77.385 0
2267.578 77.906 0
2273.438 77.874 0
2279.297 77.632 0
2285.156 78.594 0
2291.016 77.668 0
2296.875 78.086 0
2302.734 78.518 0
2308.594 78.800 0
2314.453 77.671 0
2320.312 76.138 0
2326.172 76.825 0
2332.031 77.888 0
2337.891 77.688 0
2343.750 76.967 0
2349.609 76.232 0
2355.469 76.414 0
2361.328 78.363 0
2367.188 77.048 0
2373.047 77.295 0
2378.906 77.938 0
2384.766 78.834 0
2390.625 77.595 0
2396.484 76.616 0
2402.344 77.875 0
2408.203 78.251 0
2414.062 78.797 0
2419.922 78.736 0
2425.781 77.814 0
2431.641 78.000 0
2437.500 77.875 0
2443.359 76.839 0
2449.219 77.114 0
2455.078 76.522 0
2460.938 77.011 0
2466.797 77.344 0
2472.656 77.323 0
2478.516 77.819 0
2484.375 77.475 0
2490.234 77.213 0
2496.094 76.870 0
2501.953 76.985 0
2507.812 77.798 0
2513.672 79.261 0
2519.531 78.627 0
2525.391 77.173 0
2531.250 77.327 0
2537.109 76.824 0
2542.969 78.756 0
2548.828 78.109 0
2554.688 76.748 0
2560.547 76.744 0
2566.406 77.123 0
2572.266 78.003 0
2578.125 77.967 0
2583.984 77.790 0
2589.844 77.848 0
2595.703 78.360 0
2601.562 79.096 0
2607.422 79.019 0
2613.281 78.621 0
2619.141 78.978 0
2625.000 77.164 0
2630.859 77.809 0
2636.719 78.834 0
2642.578 78.413 0
2648.438 76.912 0
2654.297 77.555 0
2660.156 79.302 0
2666.016 78.778 0
2671.875 78.107 0
2677.734 78.410 0
2683.594 78.047 0
2689.453 79.205 0
2695.312 79.832 0
2701.172 78.876 0
2707.031 78.192 0
2712.891 78.795 0
2718.750 77.712 0
2724.609 77.330 0
2730.469 77.669 0
2736.328 77.862 0
2742.188 78.581 0
2748.047 79.701 0
2753.906 78.874 0
2759.766 77.951 0
2765.625 78.051 0
2771.484 78.854 0
2777.344 78.972 0
2783.203 77.695 0
2789.062 77.355 0
2794.922 75.765 0
2800.781 77.109 0
2806.641 77.275 0
2812.500 77.714 0
2818.359 79.120 0
2824.219 78.652 0
2830.078 79.341 0
2835.938 78.157 0
2841.797 77.325 0
2847.656 77.854 0
2853.516 77.664 0
2859.375 77.987 0
2865.234 77.552 0
2871.094 76.817 0
2876.953 78.048 0
2882.812 78.739 0
2888.672 77.644 0
2894.531 78.641 0
2900.391 78.846 0
2906.250 78.635 0
2912.109 77.009 0
2917.969 78.557 0
2923.828 78.796 0
2929.688 78.930 0
2935.547 78.126 0
2941.406 76.604 0
2947.266 78.758 0
2953.125 78.841 0
2958.984 78.885 0
2964.844 80.391 0
2970.703 80.365 0
2976.562 78.693 0
2982.422 78.833 0
2988.281 78.681 0
2994.141 78.104 0
3000.000 78.510 0
3005.859 78.401 0
3011.719 77.530 0
3017.578 78.763 0
3023.438 78.714 0
3029.297 78.889 0
3035.156 79.024 0
3041.016 79.026 0
3046.875 80.712 0
3052.734 80.141 0
3058.594 79.886 0
3064.453 80.468 0
3070.312 79.434 0
3076.172 78.945 0
3082.031 80.474 0
3087.891 80.945 0
3093.750 79.635 0
3099.609 79.499 0
3105.469 80.411 0
3111.328 79.763 0
3117.188 79.291 0
3123.047 79.774 0
3128.906 80.320 0
3134.766 81.124 0
3140.625 81.171 0
3146.484 80.929 0
3152.344 81.134 0
3158.203 81.131 0
3164.062 80.927 0
3169.922 80.354 0
3175.781 80.324 0
3181.641 81.780 0
3187.500 82.784 0
3193.359 82.098 0
3199.219 81.522 0
3205.078 82.079 0
3210.938 81.091 0
3216.797 81.857 0
3222.656 81.727 0
3228.516 82.192 0
3234.375 82.482 0
3240.234 81.055 0
3246.094 82.584 0
3251.953 83.435 0
3257.812 83.255 0
3263.672 82.729 0
3269.531 82.808 0
3275.391 82.907 0
3281.250 81.995 0
3287.109 81.378 0
3292.969 81.766 0
3298.828 82.597 0
3304.688 81.935 0
3310.547 82.305 0
3316.406 82.108 0
3322.266 83.571 0
3328.125 83.996 0
3333.984 84.162 0
3339.844 82.774 0
3345.703 82.248 0
3351.562 83.118 0
3357.422 83.146 0
3363.281 83.421 0
3369.141 84.067 0
3375.000 82.901 0
3380.859 84.461 0
3386.719 84.683 0
3392.578 83.503 0
3398.438 85.023 0
3404.297 84.820 0
3410.156 84.524 0
3416.016 85.213 0
3421.875 84.660 0
3427.734 84.477 0
3433.594 86.107 0
3439.453 84.855 0
3445.312 85.591 0
3451.172 84.480 0
3457.031 84.286 0
3462.891 85.226 0
3468.750 86.184 0
3474.609 84.937 0
3480.469 85.054 0
3486.328 85.742 0
3492.188 86.398 0
3498.047 85.067 0
3503.906 86.245 0
3509.766 86.301 0
3515.625 85.984 0
3521.484 85.720 0
3527.344 86.087 0
3533.203 86.700 0
3539.062 86.224 0
3544.922 85.701 0
3550.781 86.503 0
3556.641 85.329 0
3562.500 85.101 0
3568.359 86.951 0
3574.219 86.759 0
3580.078 87.362 0
3585.938 86.224 0
3591.797 86.325 0
3597.656 87.352 0
3603.516 87.244 0
3609.375 87.041 0
3615.234 86.260 0
3621.094 86.498 0
3626.953 86.402 0
3632.812 85.766 0
3638.672 87.844 0
3644.531 87.619 0
3650.391 87.713 0
3656.250 87.013 0
3662.109 86.336 0
3667.969 87.606 0
3673.828 86.766 0
3679.688 86.852 0
3685.547 86.696 0
3691.406 87.790 0
3697.266 86.751 0
3703.125 85.803 0
3708.984 86.997 0
3714.844 86.258 0
3720.703 86.746 0
3726.562 88.420 0
3732.422 87.266 0
3738.281 87.324 0
3744.141 87.452 0
3750.000 88.732 0
3755.859 88.786 0
3761.719 87.234 0
3767.578 87.779 0
3773.438 88.911 0
3779.297 89.642 0
3785.156 88.727 0
3791.016 88.268 0
3796.875 89.135 0
3802.734 90.264 0
3808.594 90.219 0
3814.453 90.769 0
3820.312 90.008 0
3826.172 90.066 0
3832.031 88.548 0
3837.891 89.295 0
3843.750 89.397 0
3849.609 88.759 0
3855.469 89.173 0
3861.328 88.981 0
3867.188 88.478 0
3873.047 88.149 0
3878.906 88.890 0
3884.766 88.205 0
3890.625 87.262 0
3896.484 86.832 0
3902.344 87.783 0
3908.203 89.588 0
3914.062 89.318 0
3919.922 88.294 0
3925.781 88.541 0
3931.641 88.313 0
3937.500 89.053 0
3943.359 89.946 0
3949.219 90.446 0
3955.078 90.413 0
3960.938 89.220 0
3966.797 90.142 0
3972.656 89.837 0
3978.516 88.630 0
3984.375 89.193 0
3990.234 89.255 0
3996.094 88.852 0
4001.953 89.196 0
4007.812 88.513 0
4013.672 89.124 0
4019.531 89.955 0
4025.391 89.178 0
4031.250 89.291 0
4037.109 89.036 0
4042.969 90.026 0
4048.828 89.451 0
4054.688 90.214 0
4060.547 89.181 0
4066.406 88.168 0
4072.266 89.155 0
4078.125 89.497 0
4083.984 89.554 0
4089.844 89.126 0
4095.703 88.655 0
4101.562 89.639 0
4107.422 88.510 0
4113.281 87.564 0
4119.141 88.686 0
4125.000 89.853 0
4130.859 89.059 0
4136.719 89.063 0
4142.578 87.946 0
4148.438 87.276 0
4154.297 88.385 0
4160.156 87.945 0
4166.016 88.461 0
4171.875 88.026 0
4177.734 86.280 0
4183.594 86.122 0
4189.453 87.778 0
4195.312 87.393 0
4201.172 86.777 0
4207.031 87.504 0
4212.891 87.241 0
4218.750 86.225 0
4224.609 87.761 0
4230.469 88.112 0
4236.328 86.215 0
4242.188 86.228 0
4248.047 87.675 0
4253.906 87.457 0
4259.766 87.095 0
4265.625 87.921 0
4271.484 87.245 0
4277.344 87.862 0
4283.203 87.809 0
4289.062 86.744 0
4294.922 86.269 0
4300.781 87.220 0
4306.641 87.849 0
4312.500 86.618 0
4318.359 86.530 0
4324.219 87.143 0
4330.078 89.047 0
4335.938 88.164 0
4341.797 87.510 0
4347.656 87.586 0
4353.516 88.729 0
4359.375 88.290 0
4365.234 88.760 0
4371.094 89.178 0
4376.953 88.889 0
4382.812 89.218 0
4388.672 90.267 0
4394.531 89.478 0
4400.391 89.148 0
4406.250 90.334 0
4412.109 91.224 0
4417.969 90.574 0
4423.828 91.129 0
4429.688 91.887 0
4435.547 91.231 0
4441.406 91.574 0
4447.266 91.472 0
4453.125 91.924 0
4458.984 91.110 0
4464.844 92.287 0
4470.703 93.052 0
4476.562 92.594 0
4482.422 91.825 0
4488.281 90.979 0
4494.141 91.436 0
4500.000 91.046 0
4505.859 91.292 0
4511.719 92.382 0
4517.578 92.179 0
4523.438 91.408 0
4529.297 92.436 0
4535.156 93.674 0
4541.016 93.748 0
4546.875 93.940 0
4552.734 93.883 0
4558.594 91.930 0
4564.453 92.794 0
4570.312 93.687 0
4576.172 93.149 0
4582.031 92.295 0
4587.891 92.588 0
4593.750 92.146 0
4599.609 92.123 0
4605.469 92.137 0
4611.328 92.006 0
4617.188 93.117 0
4623.047 92.467 0
4628.906 93.547 0
4634.766 93.644 0
4640.625 93.117 0
4646.484 92.560 0
4652.344 91.747 0
4658.203 92.553 0
4664.062 92.546 0
4669.922 92.981 0
4675.781 92.247 0
4681.641 91.862 0
4687.500 92.523 0
4693.359 91.320 0
4699.219 92.748 0
4705.078 93.080 0
4710.938 92.760 0
4716.797 91.877 0
4722.656 91.570 0
4728.516 92.511 0
4734.375 91.318 0
4740.234 92.006 0
4746.094 91.170 0
4751.953 89.713 0
4757.812 91.696 0
4763.672 92.731 0
4769.531 90.845 0
4775.391 92.143 0
4781.250 92.665 0
4787.109 91.462 0
4792.969 90.529 0
4798.828 91.044 0
4804.688 90.110 0
4810.547 90.244 0
4816.406 91.070 0
4822.266 90.030 0
4828.125 92.151 0
4833.984 92.663 0
4839.844 91.737 0
4845.703 90.921 0
4851.562 90.848 0
4857.422 89.500 0
4863.281 90.408 0
4869.141 90.650 0
4875.000 91.632 0
4880.859 90.912 0
4886.719 90.523 0
4892.578 90.789 0
4898.438 91.158 0
4904.297 91.461 0
4910.156 90.473 0
4916.016 89.192 0
4921.875 89.921 0
4927.734 92.230 0
4933.594 91.606 0
4939.453 91.395 0
4945.312 91.451 0
4951.172 90.649 0
4957.031 92.255 0
4962.891 91.672 0
4968.750 90.048 0
4974.609 90.281 0
4980.469 90.225 0
4986.328 90.337 0
4992.188 89.783 0
4998.047 90.010 0
5003.906 90.555 0
5009.766 90.787 0
5015.625 91.911 0
5021.484 90.281 0
5027.344 88.923 0
5033.203 89.801 0
5039.062 90.314 0
5044.922 90.821 0
5050.781 90.288 0
5056.641 90.656 0
5062.500 89.489 0
5068.359 89.091 0
5074.219 90.266 0
5080.078 90.141 0
5085.938 90.167 0
5091.797 89.992 0
5097.656 87.884 0
5103.516 88.420 0
5109.375 89.449 0
5115.234 89.466 0
5121.094 89.897 0
5126.953 90.194 0
5132.812 89.404 0
5138.672 89.899 0
5144.531 91.111 0
5150.391 88.915 0
5156.250 88.803 0
5162.109 88.960 0
5167.969 89.192 0
5173.828 89.007 0
5179.688 88.630 0
5185.547 89.171 0
5191.406 89.069 0
5197.266 88.610 0
5203.125 89.195 0
5208.984 88.119 0
5214.844 88.453 0
5220.703 88.161 0
5226.562 89.459 0
5232.422 87.746 0
5238.281 87.583 0
5244.141 87.896 0
5250.000 89.623 0
5255.859 89.854 0
5261.719 88.459 0
5267.578 88.365 0
5273.438 89.096 0
5279.297 88.978 0
5285.156 88.689 0
5291.016 88.867 0
5296.875 87.967 0
5302.734 86.844 0
5308.594 87.543 0
5314.453 87.752 0
5320.312 87.724 0
5326.172 88.512 0
5332.031 88.659 0
5337.891 88.333 0
5343.750 88.480 0
5349.609 88.130 0
5355.469 88.814 0
5361.328 89.144 0
5367.188 88.340 0
5373.047 88.196 0
5378.906 88.461 0
5384.766 88.759 0
5390.625 88.001 0
5396.484 87.084 0
5402.344 87.237 0
5408.203 88.476 0
5414.062 87.009 0
5419.922 87.248 0
5425.781 87.977 0
5431.641 87.336 0
5437.500 86.003 0
5443.359 86.874 0
5449.219 85.447 0
5455.078 86.411 0
5460.938 88.278 0
5466.797 87.563 0
5472.656 87.706 0
5478.516 87.132 0
5484.375 85.802 0
5490.234 86.502 0
5496.094 87.773 0
5501.953 87.834 0
5507.812 88.091 0
5513.672 87.211 0
5519.531 86.956 0
5525.391 87.210 0
5531.250 87.794 0
5537.109 87.253 0
5542.969 87.255 0
5548.828 87.236 0
5554.688 86.841 0
5560.547 86.173 0
5566.406 86.904 0
5572.266 86.780 0
5578.125 86.464 0
5583.984 86.302 0
5589.844 85.939 0
5595.703 85.398 0
5601.562 86.025 0
5607.422 87.001 0
5613.281 85.733 0
5619.141 85.880 0
5625.000 86.128 0
5630.859 86.198 0
5636.719 86.877 0
5642.578 85.790 0
5648.438 85.965 0
5654.297 86.380 0
5660.156 86.406 0
5666.016 85.926 0
5671.875 85.760 0
5677.734 84.886 0
5683.594 86.543 0
5689.453 85.288 0
5695.312 85.433 0
5701.172 85.995 0
5707.031 85.326 0
5712.891 87.175 0
5718.750 85.616 0
5724.609 86.189 0
5730.469 85.547 0
5736.328 85.207 0
5742.188 84.271 0
5748.047 84.835 0
5753.906 84.786 0
5759.766 85.550 0
5765.625 85.791 0
5771.484 85.772 0
5777.344 85.047 0
5783.203 83.928 0
5789.062 84.548 0
5794.922 85.709 0
5800.781 86.432 0
5806.641 86.020 0
5812.500 84.642 0
5818.359 83.319 0
5824.219 84.423 0
5830.078 84.757 0
5835.938 84.763 0
5841.797 84.833 0
5847.656 84.566 0
5853.516 83.224 0
5859.375 84.075 0
5865.234 85.111 0
5871.094 83.759 0
5876.953 83.892 0
5882.812 83.491 0
5888.672 83.057 0
5894.531 84.217 0
5900.391 83.902 0
5906.250 83.497 0
5912.109 84.067 0
5917.969 84.083 0
5923.828 84.623 0
5929.688 83.972 0
5935.547 84.250 0
5941.406 84.652 0
5947.266 85.142 0
5953.125 84.156 0
5958.984 83.084 0
5964.844 82.991 0
5970.703 82.344 0
5976.562 83.031 0
5982.422 83.042 0
5988.281 83.043 0
5994.141 83.970 0
6000.000 83.192 0
6005.859 81.887 0
6011.719 82.283 0
6017.578 83.185 0
6023.438 83.485 0
6029.297 83.018 0
6035.156 83.140 0
6041.016 82.197 0
6046.875 82.982 0
6052.734 83.106 0
6058.594 82.166 0
6064.453 81.336 0
6070.312 82.433 0
6076.172 81.183 0
6082.031 81.447 0
6087.891 81.975 0
6093.750 82.767 0
6099.609 83.248 0
6105.469 82.278 0
6111.328 82.271 0
6117.188 83.249 0
6123.047 81.470 0
6128.906 80.528 0
6134.766 81.420 0
6140.625 81.844 0
6146.484 81.910 0
6152.344 80.309 0
6158.203 81.369 0
6164.062 80.661 0
6169.922 80.404 0
6175.781 81.318 0
6181.641 82.401 0
6187.500 81.823 0
6193.359 82.582 0
6199.219 81.495 0
6205.078 82.027 0
6210.938 81.264 0
6216.797 81.561 0
6222.656 82.531 0
6228.516 81.459 0
6234.375 81.861 0
6240.234 81.745 0
6246.094 81.921 0
6251.953 80.291 0
6257.812 81.943 0
6263.672 81.814 0
6269.531 81.458 0
6275.391 80.812 0
6281.250 81.093 0
6287.109 80.507 0
6292.969 80.402 0
6298.828 81.788 0
6304.688 80.697 0
6310.547 79.189 0
6316.406 78.052 0
6322.266 78.979 0
6328.125 81.274 0
6333.984 81.225 0
6339.844 80.589 0
6345.703 81.173 0
6351.562 79.851 0
6357.422 79.350 0
6363.281 80.592 0
6369.141 80.655 0
6375.000 79.918 0
6380.859 80.156 0
6386.719 79.021 0
6392.578 80.498 0
6398.438 80.567 0
6404.297 80.563 0
6410.156 79.905 0
6416.016 79.605 0
6421.875 78.743 0
6427.734 78.695 0
6433.594 80.164 0
6439.453 79.916 0
6445.312 80.575 0
6451.172 79.963 0
6457.031 80.384 0
6462.891 81.558 0
6468.750 80.828 0
6474.609 78.428 0
6480.469 80.456 0
6486.328 81.151 0
6492.188 81.185 0
6498.047 81.200 0
6503.906 80.961 0
6509.766 80.541 0
6515.625 79.300 0
6521.484 80.351 0
6527.344 80.429 0
6533.203 80.676 0
6539.062 80.893 0
6544.922 79.131 0
6550.781 80.689 0
6556.641 79.672 0
6562.500 80.016 0
6568.359 80.761 0
6574.219 80.982 0
6580.078 79.935 0
6585.938 79.012 0
6591.797 78.842 0
6597.656 79.868 0
6603.516 79.312 0
6609.375 79.953 0
6615.234 79.442 0
6621.094 79.536 0
6626.953 80.074 0
6632.812 79.195 0
6638.672 80.032 0
6644.531 81.326 0
6650.391 81.506 0
6656.250 79.546 0
6662.109 79.432 0
6667.969 80.219 0
6673.828 80.946 0
6679.688 80.588 0
6685.547 81.208 0
6691.406 81.485 0
6697.266 80.282 0
6703.125 79.714 0
6708.984 79.764 0
6714.844 78.889 0
6720.703 80.140 0
6726.562 80.045 0
6732.422 80.921 0
6738.281 80.447 0
6744.141 79.462 0
6750.000 79.417 0
6755.859 78.649 0
6761.719 80.926 0
6767.578 81.545 0
6773.438 81.071 0
6779.297 80.671 0
6785.156 80.172 0
6791.016 80.557 0
6796.875 80.045 0
6802.734 79.172 0
6808.594 80.044 0
6814.453 81.364 0
6820.312 80.543 0
6826.172 79.039 0
6832.031 80.433 0
6837.891 79.768 0
6843.750 80.033 0
6849.609 80.508 0
6855.469 79.397 0
6861.328 80.023 0
6867.188 80.201 0
6873.047 80.135 0
6878.906 79.510 0
6884.766 81.410 0
6890.625 80.840 0
6896.484 79.666 0
6902.344 80.214 0
6908.203 79.423 0
6914.062 79.732 0
6919.922 80.163 0
6925.781 80.596 0
6931.641 81.576 0
6937.500 80.979 0
6943.359 80.665 0
6949.219 80.601 0
6955.078 80.833 0
6960.938 81.627 0
6966.797 81.084 0
6972.656 80.089 0
6978.516 81.842 0
6984.375 80.950 0
6990.234 80.288 0
6996.094 78.832 0
7001.953 80.279 0
7007.812 79.948 0
7013.672 79.202 0
7019.531 79.966 0
7025.391 80.015 0
7031.250 81.350 0
7037.109 80.855 0
7042.969 81.463 0
7048.828 80.893 0
7054.688 80.642 0
7060.547 81.157 0
7066.406 81.129 0
7072.266 80.210 0
7078.125 81.140 0
7083.984 81.474 0
7089.844 81.654 0
7095.703 80.338 0
7101.562 80.679 0
7107.422 81.453 0
7113.281 81.314 0
7119.141 80.302 0
7125.000 80.592 0
7130.859 80.985 0
7136.719 80.193 0
7142.578 79.619 0
7148.438 80.549 0
7154.297 81.117 0
7160.156 80.661 0
7166.016 80.530 0
7171.875 78.753 0
7177.734 78.266 0
7183.594 80.375 0
7189.453 80.694 0
7195.312 79.621 0
7201.172 80.470 0
7207.031 80.724 0
7212.891 81.033 0
7218.750 81.437 0
7224.609 80.642 0
7230.469 80.362 0
7236.328 79.529 0
7242.188 80.509 0
7248.047 79.753 0
7253.906 81.035 0
7259.766 82.430 0
7265.625 80.813 0
7271.484 80.412 0
7277.344 80.915 0
7283.203 80.717 0
7289.062 79.685 0
7294.922 80.477 0
7300.781 80.636 0
7306.641 80.287 0
7312.500 79.941 0
7318.359 79.863 0
7324.219 80.559 0
7330.078 80.890 0
7335.938 80.473 0
7341.797 79.734 0
7347.656 79.634 0
7353.516 79.561 0
7359.375 80.608 0
7365.234 81.027 0
7371.094 80.086 0
7376.953 80.587 0
7382.812 80.672 0
7388.672 81.536 0
7394.531 82.085 0
7400.391 81.425 0
7406.250 79.183 0
7412.109 78.871 0
7417.969 80.384 0
7423.828 81.466 0
7429.688 80.440 0
7435.547 79.471 0
7441.406 78.054 0
7447.266 81.016 0
7453.125 81.588 0
7458.984 78.897 0
7464.844 79.416 0
7470.703 80.531 0
7476.562 80.197 0
7482.422 79.923 0
7488.281 80.440 0
7494.141 81.033 0
7500.000 80.916 0
7505.859 81.009 0
7511.719 79.862 0
7517.578 80.419 0
7523.438 80.803 0
7529.297 81.215 0
7535.156 81.065 0
7541.016 79.854 0
7546.875 79.923 0
7552.734 80.541 0
7558.594 81.618 0
7564.453 80.925 0
7570.312 81.213 0
7576.172 80.470 0
7582.031 78.721 0
7587.891 79.151 0
7593.750 81.512 0
7599.609 82.091 0
7605.469 81.735 0
7611.328 80.912 0
7617.188 81.972 0
7623.047 80.920 0
7628.906 79.994 0
7634.766 80.561 0
7640.625 80.193 0
7646.484 80.108 0
7652.344 79.166 0
7658.203 79.229 0
7664.062 80.609 0
7669.922 82.002 0
7675.781 82.070 0
7681.641 81.958 0
7687.500 80.685 0
7693.359 81.234 0
7699.219 81.907 0
7705.078 79.969 0
7710.938 79.679 0
7716.797 79.573 0
7722.656 80.198 0
7728.516 81.692 0
7734.375 82.335 0
7740.234 82.360 0
7746.094 81.856 0
7751.953 81.642 0
7757.812 81.717 0
7763.672 80.853 0
7769.531 81.897 0
7775.391 82.404 0
7781.250 81.918 0
7787.109 79.723 0
7792.969 81.165 0
7798.828 81.287 0
7804.688 81.527 0
7810.547 81.206 0
7816.406 81.612 0
7822.266 81.199 0
7828.125 82.058 0
7833.984 83.430 0
7839.844 81.614 0
7845.703 81.301 0
7851.562 80.966 0
7857.422 80.255 0
7863.281 81.191 0
7869.141 81.503 0
7875.000 79.771 0
7880.859 80.599 0
7886.719 82.071 0
7892.578 81.078 0
7898.438 80.883 0
7904.297 79.587 0
7910.156 81.360 0
7916.016 82.082 0
7921.875 80.990 0
7927.734 80.682 0
7933.594 80.700 0
7939.453 80.304 0
7945.312 82.137 0
7951.172 82.150 0
7957.031 80.847 0
7962.891 80.619 0
7968.750 81.244 0
7974.609 82.317 0
7980.469 81.205 0
7986.328 80.215 0
7992.188 82.361 0
7998.047 81.820 0
8003.906 82.195 0
8009.766 81.202 0
8015.625 80.811 0
8021.484 82.301 0
8027.344 81.851 0
8033.203 82.380 0
8039.062 81.473 0
8044.922 82.131 0
8050.781 81.146 0
8056.641 81.899 0
8062.500 81.800 0
8068.359 81.464 0
8074.219 80.688 0
8080.078 79.937 0
8085.938 80.852 0
8091.797 81.626 0
8097.656 80.045 0
8103.516 80.821 0
8109.375 81.257 0
8115.234 80.781 0
8121.094 80.928 0
8126.953 80.394 0
8132.812 81.571 0
8138.672 82.102 0
8144.531 81.994 0
8150.391 82.580 0
8156.250 81.932 0
8162.109 81.278 0
8167.969 81.210 0
8173.828 81.075 0
8179.688 81.835 0
8185.547 81.413 0
8191.406 81.704 0
8197.266 83.039 0
8203.125 81.929 0
8208.984 80.523 0
8214.844 80.905 0
8220.703 82.062 0
8226.562 81.643 0
8232.422 82.267 0
8238.281 82.292 0
8244.141 82.059 0
8250.000 81.867 0
8255.859 81.773 0
8261.719 82.127 0
8267.578 81.238 0
8273.438 82.519 0
8279.297 83.140 0
8285.156 83.376 0
8291.016 82.160 0
8296.875 82.432 0
8302.734 81.746 0
8308.594 81.678 0
8314.453 81.367 0
8320.312 80.723 0
8326.172 80.049 0
8332.031 80.654 0
8337.891 82.195 0
8343.750 83.031 0
8349.609 82.242 0
8355.469 82.616 0
8361.328 82.971 0
8367.188 81.868 0
8373.047 83.104 0
8378.906 83.138 0
8384.766 83.420 0
8390.625 82.275 0
8396.484 81.771 0
8402.344 82.383 0
8408.203 82.938 0
8414.062 82.689 0
8419.922 82.942 0
8425.781 81.750 0
8431.641 82.652 0
8437.500 81.616 0
8443.359 82.026 0
8449.219 83.082 0
8455.078 83.596 0
8460.938 82.238 0
8466.797 83.197 0
8472.656 82.217 0
8478.516 82.621 0
8484.375 82.221 0
8490.234 82.581 0
8496.094 83.721 0
8501.953 83.431 0
8507.812 83.440 0
8513.672 82.284 0
8519.531 82.504 0
8525.391 83.001 0
8531.250 83.623 0
8537.109 83.877 0
8542.969 82.438 0
8548.828 82.501 0
8554.688 81.818 0
8560.547 83.337 0
8566.406 83.388 0
8572.266 83.223 0
8578.125 81.696 0
8583.984 81.746 0
8589.844 83.262 0
8595.703 83.604 0
8601.562 82.240 0
8607.422 82.922 0
8613.281 82.612 0
8619.141 81.900 0
8625.000 82.991 0
8630.859 82.730 0
8636.719 83.900 0
8642.578 81.685 0
8648.438 82.007 0
8654.297 82.945 0
8660.156 82.216 0
8666.016 83.399 0
8671.875 83.888 0
8677.734 83.018 0
8683.594 84.109 0
8689.453 84.912 0
8695.312 83.907 0
8701.172 82.421 0
8707.031 82.594 0
8712.891 83.039 0
8718.750 82.793 0
8724.609 83.551 0
8730.469 82.685 0
8736.328 82.870 0
8742.188 82.288 0
8748.047 82.553 0
8753.906 82.685 0
8759.766 83.631 0
8765.625 82.179 0
8771.484 82.154 0
8777.344 83.663 0
8783.203 84.382 0
8789.062 83.114 0
8794.922 83.301 0
8800.781 83.939 0
8806.641 83.922 0
8812.500 83.194 0
8818.359 83.141 0
8824.219 83.841 0
8830.078 82.567 0
8835.938 82.018 0
8841.797 82.988 0
8847.656 82.954 0
8853.516 83.175 0
8859.375 82.480 0
8865.234 83.483 0
8871.094 83.399 0
8876.953 83.852 0
8882.812 83.243 0
8888.672 83.194 0
8894.531 82.970 0
8900.391 83.955 0
8906.250 84.281 0
8912.109 83.498 0
8917.969 82.972 0
8923.828 83.783 0
8929.688 82.996 0
8935.547 81.338 0
8941.406 82.647 0
8947.266 83.890 0
8953.125 83.386 0
8958.984 83.507 0
8964.844 84.387 0
8970.703 83.531 0
8976.562 83.546 0
8982.422 84.629 0
8988.281 85.158 0
8994.141 84.280 0
9000.000 84.748 0
9005.859 83.820 0
9011.719 83.199 0
9017.578 84.268 0
9023.438 84.929 0
9029.297 83.343 0
9035.156 84.045 0
9041.016 83.441 0
9046.875 82.936 0
9052.734 83.150 0
9058.594 82.924 0
9064.453 83.695 0
9070.312 83.226 0
9076.172 82.810 0
9082.031 83.620 0
9087.891 83.457 0
9093.750 83.994 0
9099.609 83.861 0
9105.469 82.392 0
9111.328 82.445 0
9117.188 82.547 0
9123.047 83.268 0
9128.906 83.018 0
9134.766 82.454 0
9140.625 83.602 0
9146.484 82.762 0
9152.344 82.988 0
9158.203 83.657 0
9164.062 84.614 0
9169.922 83.378 0
9175.781 83.805 0
9181.641 83.561 0
9187.500 82.956 0
9193.359 82.999 0
9199.219 84.146 0
9205.078 83.817 0
9210.938 83.688 0
9216.797 83.754 0
9222.656 83.408 0
9228.516 82.405 0
9234.375 84.082 0
9240.234 83.249 0
9246.094 82.604 0
9251.953 83.869 0
9257.812 83.023 0
9263.672 83.104 0
9269.531 82.761 0
9275.391 83.400 0
9281.250 83.766 0
9287.109 83.191 0
9292.969 82.225 0
9298.828 82.378 0
9304.688 83.197 0
9310.547 82.896 0
9316.406 82.415 0
9322.266 82.249 0
9328.125 82.423 0
9333.984 81.372 0
9339.844 81.609 0
9345.703 81.869 0
9351.562 81.284 0
9357.422 81.539 0
9363.281 80.603 0
9369.141 82.066 0
9375.000 82.050 0
9380.859 81.795 0
9386.719 82.206 0
9392.578 81.975 0
9398.438 82.299 0
9404.297 80.983 0
9410.156 80.535 0
9416.016 82.056 0
9421.875 82.243 0
9427.734 81.240 0
9433.594 80.781 0
9439.453 81.382 0
9445.312 80.490 0
9451.172 81.940 0
9457.031 82.244 0
9462.891 82.030 0
9468.750 82.159 0
9474.609 83.290 0
9480.469 82.204 0
9486.328 80.987 0
9492.188 80.910 0
9498.047 82.205 0
9503.906 81.671 0
9509.766 81.908 0
9515.625 81.664 0
9521.484 82.013 0
9527.344 81.444 0
9533.203 80.409 0
9539.062 79.830 0
9544.922 80.874 0
9550.781 80.370 0
9556.641 80.173 0
9562.500 80.300 0
9568.359 81.200 0
9574.219 81.409 0
9580.078 80.012 0
9585.938 80.783 0
9591.797 81.374 0
9597.656 80.665 0
9603.516 80.659 0
9609.375 81.449 0
9615.234 81.794 0
9621.094 80.816 0
9626.953 79.871 0
9632.812 79.374 0
9638.672 80.633 0
9644.531 81.225 0
9650.391 79.965 0
9656.250 80.048 0
9662.109 80.749 0
9667.969 82.092 0
9673.828 80.803 0
9679.688 79.701 0
9685.547 81.019 0
9691.406 80.493 0
9697.266 78.464 0
9703.125 80.064 0
9708.984 79.280 0
9714.844 79.083 0
9720.703 80.255 0
9726.562 80.440 0
9732.422 79.089 0
9738.281 79.258 0
9744.141 79.194 0
9750.000 80.454 0
9755.859 80.601 0
9761.719 80.259 0
9767.578 80.417 0
9773.438 78.767 0
9779.297 77.771 0
9785.156 78.363 0
9791.016 80.111 0
9796.875 80.659 0
9802.734 79.854 0
9808.594 78.967 0
9814.453 79.392 0
9820.312 78.612 0
9826.172 79.759 0
9832.031 78.936 0
9837.891 78.375 0
9843.750 79.042 0
9849.609 79.085 0
9855.469 77.972 0
9861.328 77.259 0
9867.188 79.076 0
9873.047 79.516 0
9878.906 79.464 0
9884.766 78.324 0
9890.625 79.444 0
9896.484 79.662 0
9902.344 79.945 0
9908.203 79.836 0
9914.062 79.801 0
9919.922 78.571 0
9925.781 78.243 0
9931.641 77.636 0
9937.500 76.763 0
9943.359 77.470 0
9949.219 77.892 0
9955.078 79.009 0
9960.938 78.738 0
9966.797 78.261 0
9972.656 78.296 0
9978.516 77.063 0
9984.375 76.194 0
9990.234 77.818 0
9996.094 78.818 0
10001.953 78.255 0
10007.812 77.585 0
10013.672 79.086 0
10019.531 79.194 0
10025.391 78.819 0
10031.250 78.337 0
10037.109 77.796 0
10042.969 78.745 0
10048.828 78.769 0
10054.688 78.307 0
10060.547 78.313 0
10066.406 77.259 0
10072.266 77.217 0
10078.125 77.755 0
10083.984 77.788 0
10089.844 76.784 0
10095.703 77.906 0
10101.562 78.528 0
10107.422 77.468 0
10113.281 77.068 0
10119.141 77.711 0
10125.000 77.611 0
10130.859 76.408 0
10136.719 77.546 0
10142.578 77.665 0
10148.438 77.838 0
10154.297 76.645 0
10160.156 76.073 0
10166.016 77.447 0
10171.875 77.715 0
10177.734 78.028 0
10183.594 78.854 0
10189.453 79.364 0
10195.312 77.650 0
10201.172 78.137 0
10207.031 77.321 0
10212.891 76.905 0
10218.750 76.958 0
10224.609 76.432 0
10230.469 76.881 0
10236.328 77.615 0
10242.188 77.222 0
10248.047 77.096 0
10253.906 77.016 0
10259.766 76.467 0
10265.625 76.628 0
10271.484 77.499 0
10277.344 76.176 0
10283.203 76.264 0
10289.062 76.797 0
10294.922 77.102 0
10300.781 77.633 0
10306.641 77.267 0
10312.500 76.886 0
10318.359 77.461 0
10324.219 77.295 0
10330.078 76.156 0
10335.938 76.327 0
10341.797 77.023 0
10347.656 76.018 0
10353.516 75.035 0
10359.375 76.172 0
10365.234 77.800 0
10371.094 77.894 0
10376.953 77.730 0
10382.812 75.738 0
10388.672 77.160 0
10394.531 77.522 0
10400.391 77.404 0
10406.250 76.373 0
10412.109 76.485 0
10417.969 76.173 0
10423.828 75.597 0
10429.688 76.108 0
10435.547 75.433 0
10441.406 75.324 0
10447.266 76.534 0
10453.125 76.141 0
10458.984 76.789 0
10464.844 77.432 0
10470.703 75.904 0
10476.562 75.198 0
10482.422 76.960 0
10488.281 76.472 0
10494.141 75.228 0
10500.000 76.450 0
10505.859 75.589 0
10511.719 74.515 0
10517.578 75.176 0
10523.438 75.588 0
10529.297 75.413 0
10535.156 75.413 0
10541.016 74.867 0
10546.875 76.110 0
10552.734 75.438 0
10558.594 74.821 0
10564.453 76.119 0
10570.312 75.620 0
10576.172 76.580 0
10582.031 74.858 0
10587.891 75.861 0
10593.750 75.403 0
10599.609 75.761 0
10605.469 76.418 0
10611.328 75.620 0
10617.188 76.003 0
10623.047 76.254 0
10628.906 76.236 0
10634.766 77.139 0
10640.625 76.723 0
10646.484 75.169 0
10652.344 75.219 0
10658.203 76.151 0
10664.062 74.550 0
10669.922 73.629 0
10675.781 74.723 0
10681.641 74.765 0
10687.500 73.678 0
10693.359 74.309 0
10699.219 74.948 0
10705.078 76.344 0
10710.938 76.163 0
10716.797 75.392 0
10722.656 76.001 0
10728.516 75.148 0
10734.375 74.541 0
10740.234 75.242 0
10746.094 75.544 0
10751.953 75.633 0
10757.812 75.933 0
10763.672 75.347 0
10769.531 75.301 0
10775.391 74.893 0
10781.250 76.146 0
10787.109 75.981 0
10792.969 74.462 0
10798.828 75.988 0
10804.688 74.971 0
10810.547 75.718 0
10816.406 76.158 0
10822.266 75.169 0
10828.125 74.463 0
10833.984 74.521 0
10839.844 74.907 0
10845.703 75.262 0
10851.562 74.125 0
10857.422 74.504 0
10863.281 74.877 0
10869.141 74.339 0
10875.000 74.372 0
10880.859 75.574 0
10886.719 74.631 0
10892.578 74.666 0
10898.438 73.851 0
10904.297 74.431 0
10910.156 74.082 0
10916.016 73.964 0
10921.875 74.565 0
10927.734 74.237 0
10933.594 73.946 0
10939.453 74.694 0
10945.312 75.444 0
10951.172 75.412 0
10957.031 73.973 0
10962.891 73.620 0
10968.750 73.392 0
10974.609 74.467 0
10980.469 74.904 0
10986.328 74.489 0
10992.188 74.255 0
10998.047 73.260 0
11003.906 73.819 0
11009.766 73.028 0
11015.625 74.760 0
11021.484 73.460 0
11027.344 73.188 0
11033.203 72.691 0
11039.062 73.607 0
11044.922 73.463 0
11050.781 72.782 0
11056.641 74.926 0
11062.500 75.044 0
11068.359 72.856 0
11074.219 74.220 0
11080.078 73.915 0
11085.938 71.735 0
11091.797 72.721 0
11097.656 74.660 0
11103.516 72.739 0
11109.375 72.116 0
11115.234 73.793 0
11121.094 73.724 0
11126.953 73.261 0
11132.812 71.487 0
11138.672 72.280 0
11144.531 73.065 0
11150.391 73.159 0
11156.250 74.366 0
11162.109 73.996 0
11167.969 72.004 0
11173.828 72.750 0
11179.688 73.186 0
11185.547 73.923 0
11191.406 73.740 0
11197.266 73.161 0
11203.125 74.147 0
11208.984 73.702 0
11214.844 73.759 0
11220.703 73.915 0
11226.562 73.726 0
11232.422 72.819 0
11238.281 73.076 0
11244.141 72.842 0
11250.000 71.904 0
11255.859 73.954 0
11261.719 72.886 0
11267.578 73.882 0
11273.438 71.932 0
11279.297 73.496 0
11285.156 73.369 0
11291.016 73.059 0
11296.875 72.286 0
11302.734 72.905 0
11308.594 73.636 0
11314.453 73.525 0
11320.312 71.856 0
11326.172 71.802 0
11332.031 73.452 0
11337.891 73.962 0
11343.750 73.425 0
11349.609 73.233 0
11355.469 72.380 0
11361.328 71.829 0
11367.188 72.667 0
11373.047 73.523 0
11378.906 74.031 0
11384.766 72.656 0
11390.625 73.495 0
11396.484 74.142 0
11402.344 73.904 0
11408.203 72.989 0
11414.062 72.674 0
11419.922 74.329 0
11425.781 74.882 0
11431.641 74.286 0
11437.500 72.816 0
11443.359 73.440 0
11449.219 73.122 0
11455.078 71.092 0
11460.938 71.925 0
11466.797 73.060 0
11472.656 73.429 0
11478.516 73.675 0
11484.375 74.121 0
11490.234 73.027 0
11496.094 73.347 0
11501.953 74.415 0
11507.812 74.452 0
11513.672 74.711 0
11519.531 74.870 0
11525.391 75.527 0
11531.250 74.234 0
11537.109 73.542 0
11542.969 74.758 0
11548.828 74.564 0
11554.688 73.892 0
11560.547 73.512 0
11566.406 73.559 0
11572.266 74.304 0
11578.125 74.560 0
11583.984 73.482 0
11589.844 73.304 0
11595.703 72.157 0
11601.562 72.321 0
11607.422 73.255 0
11613.281 72.974 0
11619.141 74.277 0
11625.000 73.352 0
11630.859 73.709 0
11636.719 74.500 0
11642.578 75.194 0
11648.438 74.598 0
11654.297 74.118 0
11660.156 74.693 0
11666.016 74.603 0
11671.875 75.115 0
11677.734 74.919 0
11683.594 74.543 0
11689.453 73.782 0
11695.312 73.671 0
11701.172 74.188 0
11707.031 73.820 0
11712.891 73.322 0
11718.750 74.795 0
11724.609 74.560 0
11730.469 73.841 0
11736.328 73.557 0
11742.188 73.070 0
11748.047 74.036 0
11753.906 74.164 0
11759.766 75.013 0
11765.625 74.535 0
11771.484 75.041 0
11777.344 75.597 0
11783.203 75.206 0
11789.062 74.777 0
11794.922 73.962 0
11800.781 74.051 0
11806.641 75.801 0
11812.500 74.134 0
11818.359 74.838 0
11824.219 73.787 0
11830.078 73.869 0
11835.938 74.858 0
11841.797 76.146 0
11847.656 75.036 0
11853.516 73.637 0
11859.375 74.948 0
11865.234 75.192 0
11871.094 74.374 0
11876.953 73.576 0
11882.812 73.639 0
11888.672 73.500 0
11894.531 74.297 0
11900.391 75.728 0
11906.250 75.815 0
11912.109 75.436 0
11917.969 75.606 0
11923.828 74.425 0
11929.688 74.766 0
11935.547 75.462 0
11941.406 75.257 0
11947.266 74.561 0
11953.125 75.355 0
11958.984 75.040 0
11964.844 74.877 0
11970.703 74.731 0
11976.562 74.876 0
11982.422 75.678 0
11988.281 76.037 0
11994.141 74.165 0
12000.000 74.268 0
12005.859 73.849 0
12011.719 74.376 0
12017.578 75.703 0
12023.438 76.234 0
12029.297 74.838 0
12035.156 74.757 0
12041.016 75.241 0
12046.875 76.157 0
12052.734 74.744 0
12058.594 74.511 0
12064.453 74.455 0
12070.312 75.638 0
12076.172 75.942 0
12082.031 75.894 0
12087.891 75.662 0
12093.750 76.923 0
12099.609 75.671 0
12105.469 74.783 0
12111.328 75.265 0
12117.188 76.417 0
12123.047 76.304 0
12128.906 76.883 0
12134.766 73.097 0
12140.625 74.536 0
12146.484 75.877 0
12152.344 73.405 0
12158.203 74.124 0
12164.062 74.429 0
12169.922 74.424 0
12175.781 74.580 0
12181.641 74.967 0
12187.500 75.424 0
12193.359 74.994 0
12199.219 74.760 0
12205.078 75.145 0
12210.938 75.330 0
12216.797 74.732 0
12222.656 75.449 0
12228.516 75.687 0
12234.375 76.103 0
12240.234 75.523 0
12246.094 75.356 0
12251.953 74.010 0
12257.812 74.869 0
12263.672 75.102 0
12269.531 75.680 0
12275.391 76.388 0
12281.250 76.320 0
12287.109 75.401 0
12292.969 74.854 0
12298.828 75.260 0
12304.688 76.327 0
12310.547 75.925 0
12316.406 75.609 0
12322.266 75.745 0
12328.125 75.535 0
12333.984 75.621 0
12339.844 75.378 0
12345.703 74.921 0
12351.562 75.094 0
12357.422 74.529 0
12363.281 75.576 0
12369.141 76.243 0
12375.000 74.906 0
12380.859 75.670 0
12386.719 75.664 0
12392.578 75.675 0
12398.438 76.000 0
12404.297 76.110 0
12410.156 75.501 0
12416.016 74.819 0
12421.875 76.333 0
12427.734 75.089 0
12433.594 75.746 0
12439.453 76.190 0
12445.312 76.079 0
12451.172 75.485 0
12457.031 74.167 0
12462.891 75.507 0
12468.750 74.672 0
12474.609 76.098 0
12480.469 76.529 0
12486.328 76.255 0
12492.188 74.926 0
12498.047 74.384 0
12503.906 74.901 0
12509.766 74.025 0
12515.625 74.920 0
12521.484 76.533 0
12527.344 75.860 0
12533.203 75.989 0
12539.062 75.749 0
12544.922 74.957 0
12550.781 75.143 0
12556.641 76.099 0
12562.500 76.982 0
12568.359 76.452 0
12574.219 76.226 0
12580.078 75.205 0
12585.938 74.808 0
12591.797 74.971 0
12597.656 75.696 0
12603.516 74.771 0
12609.375 73.464 0
12615.234 74.910 0
12621.094 74.975 0
12626.953 74.244 0
12632.812 75.079 0
12638.672 75.235 0
12644.531 75.265 0
12650.391 76.036 0
12656.250 75.928 0
12662.109 75.729 0
12667.969 76.745 0
12673.828 76.539 0
12679.688 74.323 0
12685.547 75.307 0
12691.406 74.488 0
12697.266 74.816 0
12703.125 75.388 0
12708.984 76.099 0
12714.844 75.684 0
12720.703 74.561 0
12726.562 74.475 0
12732.422 75.678 0
12738.281 75.905 0
12744.141 75.244 0
12750.000 73.685 0
12755.859 73.010 0
12761.719 74.134 0
12767.578 74.184 0
12773.438 74.241 0
12779.297 74.859 0
12785.156 75.939 0
12791.016 75.575 0
12796.875 74.445 0
12802.734 74.195 0
12808.594 75.356 0
12814.453 76.319 0
12820.312 76.418 0
12826.172 76.292 0
12832.031 75.341 0
12837.891 74.302 0
12843.750 73.424 0
12849.609 73.268 0
12855.469 73.185 0
12861.328 74.791 0
12867.188 73.360 0
12873.047 75.303 0
12878.906 75.848 0
12884.766 75.292 0
12890.625 74.272 0
12896.484 73.873 0
12902.344 74.018 0
12908.203 72.579 0
12914.062 73.626 0
12919.922 74.182 0
12925.781 73.373 0
12931.641 73.125 0
12937.500 75.027 0
12943.359 75.710 0
12949.219 74.692 0
12955.078 72.551 0
12960.938 72.369 0
12966.797 73.177 0
12972.656 73.861 0
12978.516 73.545 0
12984.375 73.438 0
12990.234 72.301 0
12996.094 73.109 0
13001.953 73.691 0
13007.812 73.331 0
13013.672 72.627 0
13019.531 72.724 0
13025.391 74.548 0
13031.250 74.349 0
13037.109 73.290 0
13042.969 72.953 0
13048.828 72.869 0
13054.688 73.023 0
13060.547 72.810 0
13066.406 72.338 0
13072.266 71.747 0
13078.125 71.623 0
13083.984 72.887 0
13089.844 73.015 0
13095.703 74.182 0
13101.562 73.779 0
13107.422 73.228 0
13113.281 73.862 0
13119.141 72.584 0
13125.000 73.190 0
13130.859 72.123 0
13136.719 72.268 0
13142.578 71.941 0
13148.438 73.376 0
13154.297 72.553 0
13160.156 73.209 0
13166.016 72.981 0
13171.875 72.266 0
13177.734 72.217 0
13183.594 72.026 0
13189.453 72.860 0
13195.312 72.258 0
13201.172 72.254 0
13207.031 73.495 0
13212.891 73.908 0
13218.750 71.765 0
13224.609 72.510 0
13230.469 72.281 0
13236.328 71.564 0
13242.188 73.139 0
13248.047 73.218 0
13253.906 73.999 0
13259.766 73.949 0
13265.625 72.790 0
13271.484 71.094 0
13277.344 72.325 0
13283.203 71.758 0
13289.062 72.335 0
13294.922 73.346 0
13300.781 71.745 0
13306.641 70.200 0
13312.500 70.656 0
13318.359 70.737 0
13324.219 72.305 0
13330.078 73.051 0
13335.938 71.963 0
13341.797 72.502 0
13347.656 72.121 0
13353.516 71.756 0
13359.375 71.538 0
13365.234 72.230 0
13371.094 71.354 0
13376.953 71.540 0
13382.812 71.516 0
13388.672 71.717 0
13394.531 72.266 0
13400.391 72.652 0
13406.250 72.956 0
13412.109 72.403 0
13417.969 70.617 0
13423.828 70.432 0
13429.688 70.856 0
13435.547 70.425 0
13441.406 72.009 0
13447.266 71.978 0
13453.125 70.014 0
13458.984 69.475 0
13464.844 70.098 0
13470.703 70.517 0
13476.562 70.774 0
13482.422 70.461 0
13488.281 70.634 0
13494.141 70.785 0
13500.000 71.207 0
13505.859 70.537 0
13511.719 69.361 0
13517.578 68.794 0
13523.438 69.829 0
13529.297 70.901 0
13535.156 70.116 0
13541.016 69.732 0
13546.875 70.058 0
13552.734 69.668 0
13558.594 68.548 0
13564.453 67.491 0
13570.312 70.125 0
13576.172 70.753 0
13582.031 69.018 0
13587.891 69.468 0
13593.750 71.047 0
13599.609 71.340 0
13605.469 71.794 0
13611.328 71.056 0
13617.188 70.673 0
13623.047 69.231 0
13628.906 68.642 0
13634.766 68.507 0
13640.625 69.990 0
13646.484 70.123 0
13652.344 69.227 0
13658.203 70.271 0
13664.062 71.862 0
13669.922 70.821 0
13675.781 70.410 0
13681.641 69.885 0
13687.500 70.316 0
13693.359 70.611 0
13699.219 70.252 0
13705.078 70.607 0
13710.938 70.175 0
13716.797 69.746 0
13722.656 69.901 0
13728.516 69.551 0
13734.375 69.545 0
13740.234 69.608 0
13746.094 69.073 0
13751.953 69.935 0
13757.812 70.474 0
13763.672 69.857 0
13769.531 68.916 0
13775.391 67.857 0
13781.250 67.064 0
13787.109 69.294 0
13792.969 70.090 0
13798.828 68.651 0
13804.688 69.061 0
13810.547 69.714 0
13816.406 70.658 0
13822.266 70.327 0
13828.125 69.181 0
13833.984 68.443 0
13839.844 68.378 0
13845.703 68.539 0
13851.562 68.186 0
13857.422 68.904 0
13863.281 69.896 0
13869.141 68.385 0
13875.000 67.780 0
13880.859 69.647 0
13886.719 70.849 0
13892.578 69.596 0
13898.438 68.244 0
13904.297 68.861 0
13910.156 69.245 0
13916.016 69.362 0
13921.875 68.711 0
13927.734 68.807 0
13933.594 70.054 0
13939.453 69.869 0
13945.312 68.768 0
13951.172 68.864 0
13957.031 70.286 0
13962.891 68.510 0
13968.750 66.766 0
13974.609 68.910 0
13980.469 68.961 0
13986.328 69.822 0
13992.188 70.094 0
13998.047 68.714 0
14003.906 67.550 0
14009.766 68.879 0
14015.625 69.835 0
14021.484 69.376 0
14027.344 69.253 0
14033.203 69.076 0
14039.062 69.349 0
14044.922 69.572 0
14050.781 69.082 0
14056.641 69.444 0
14062.500 68.634 0
14068.359 67.983 0
14074.219 69.257 0
14080.078 70.179 0
14085.938 70.347 0
14091.797 69.379 0
14097.656 67.755 0
14103.516 66.909 0
14109.375 67.729 0
14115.234 68.396 0
14121.094 68.497 0
14126.953 68.712 0
14132.812 69.518 0
14138.672 69.053 0
14144.531 68.618 0
14150.391 69.317 0
14156.250 68.440 0
14162.109 67.995 0
14167.969 68.022 0
14173.828 66.984 0
14179.688 67.812 0
14185.547 68.764 0
14191.406 69.079 0
14197.266 69.030 0
14203.125 67.045 0
14208.984 67.073 0
14214.844 67.963 0
14220.703 67.854 0
14226.562 68.905 0
14232.422 69.151 0
14238.281 68.902 0
14244.141 69.293 0
14250.000 69.019 0
14255.859 69.516 0
14261.719 69.214 0
14267.578 68.879 0
14273.438 69.334 0
14279.297 67.838 0
14285.156 67.342 0
14291.016 68.840 0
14296.875 69.096 0
14302.734 68.029 0
14308.594 68.558 0
14314.453 68.086 0
14320.312 68.667 0
14326.172 69.099 0
14332.031 68.846 0
14337.891 67.231 0
14343.750 67.931 0
14349.609 68.519 0
14355.469 68.702 0
14361.328 69.088 0
14367.188 67.884 0
14373.047 69.088 0
14378.906 69.035 0
14384.766 68.408 0
14390.625 67.844 0
14396.484 68.174 0
14402.344 67.426 0
14408.203 67.991 0
14414.062 66.119 0
14419.922 66.747 0
14425.781 69.137 0
14431.641 69.089 0
14437.500 69.341 0
14443.359 67.609 0
14449.219 67.839 0
14455.078 67.969 0
14460.938 67.746 0
14466.797 67.963 0
14472.656 67.742 0
14478.516 66.443 0
14484.375 67.203 0
14490.234 69.279 0
14496.094 69.770 0
14501.953 68.099 0
14507.812 67.312 0
14513.672 67.541 0
14519.531 68.186 0
14525.391 68.315 0
14531.250 67.457 0
14537.109 68.323 0
14542.969 69.122 0
14548.828 67.764 0
14554.688 67.228 0
14560.547 67.654 0
14566.406 66.379 0
14572.266 68.487 0
14578.125 67.864 0
14583.984 67.412 0
14589.844 67.597 0
14595.703 69.457 0
14601.562 68.551 0
14607.422 67.101 0
14613.281 66.758 0
14619.141 66.718 0
14625.000 67.871 0
14630.859 66.669 0
14636.719 68.584 0
14642.578 67.687 0
14648.438 68.695 0
14654.297 67.998 0
14660.156 66.350 0
14666.016 66.857 0
14671.875 66.631 0
14677.734 67.358 0
14683.594 67.790 0
14689.453 67.019 0
14695.312 65.699 0
14701.172 67.803 0
14707.031 67.189 0
14712.891 68.613 0
14718.750 67.806 0
14724.609 68.153 0
14730.469 68.237 0
14736.328 68.020 0
14742.188 67.198 0
14748.047 67.371 0
14753.906 68.069 0
14759.766 67.607 0
14765.625 65.962 0
14771.484 67.220 0
14777.344 67.107 0
14783.203 66.742 0
14789.062 67.237 0
14794.922 66.951 0
14800.781 66.561 0
14806.641 67.005 0
14812.500 66.665 0
14818.359 67.358 0
14824.219 68.373 0
14830.078 67.340 0
14835.938 67.192 0
14841.797 67.312 0
14847.656 65.679 0
14853.516 65.940 0
14859.375 67.229 0
14865.234 67.014 0
14871.094 66.769 0
14876.953 66.040 0
14882.812 66.304 0
14888.672 67.764 0
14894.531 68.074 0
14900.391 67.899 0
14906.250 67.522 0
14912.109 67.025 0
14917.969 67.136 0
14923.828 67.522 0
14929.688 66.957 0
14935.547 66.043 0
14941.406 65.546 0
14947.266 66.344 0
14953.125 67.238 0
14958.984 66.925 0
14964.844 65.424 0
14970.703 65.896 0
14976.562 65.995 0
14982.422 65.610 0
14988.281 66.749 0
14994.141 65.676 0
15000.000 65.938 0
15005.859 65.677 0
15011.719 66.613 0
15017.578 67.051 0
15023.438 66.035 0
15029.297 65.756 0
15035.156 66.918 0
15041.016 65.381 0
15046.875 67.165 0
15052.734 67.776 0
15058.594 67.680 0
15064.453 67.111 0
15070.312 66.629 0
15076.172 64.169 0
15082.031 66.568 0
15087.891 68.036 0
15093.750 68.304 0
15099.609 65.339 0
15105.469 63.705 0
15111.328 65.717 0
15117.188 66.110 0
15123.047 66.607 0
15128.906 66.795 0
15134.766 65.262 0
15140.625 64.519 0
15146.484 65.418 0
15152.344 64.537 0
15158.203 65.392 0
15164.062 65.182 0
15169.922 66.059 0
15175.781 66.065 0
15181.641 65.926 0
15187.500 64.989 0
15193.359 65.685 0
15199.219 64.304 0
15205.078 65.000 0
15210.938 65.913 0
15216.797 66.704 0
15222.656 66.239 0
15228.516 66.349 0
15234.375 65.303 0
15240.234 65.433 0
15246.094 65.123 0
15251.953 66.079 0
15257.812 66.283 0
15263.672 65.825 0
15269.531 66.022 0
15275.391 64.055 0
15281.250 64.307 0
15287.109 64.660 0
15292.969 63.980 0
15298.828 65.136 0
15304.688 65.415 0
15310.547 64.965 0
15316.406 64.789 0
15322.266 64.995 0
15328.125 65.854 0
15333.984 65.478 0
15339.844 63.645 0
15345.703 64.615 0
15351.562 65.278 0
15357.422 64.175 0
15363.281 64.669 0
15369.141 65.035 0
15375.000 65.921 0
15380.859 65.011 0
15386.719 63.610 0
15392.578 64.132 0
15398.438 65.528 0
15404.297 64.559 0
15410.156 64.436 0
15416.016 63.663 0
15421.875 64.174 0
15427.734 64.824 0
15433.594 64.054 0
15439.453 64.732 0
15445.312 63.425 0
15451.172 64.151 0
15457.031 66.164 0
15462.891 65.468 0
15468.750 64.500 0
15474.609 61.885 0
15480.469 63.461 0
15486.328 64.451 0
15492.188 65.001 0
15498.047 65.865 0
15503.906 63.889 0
15509.766 64.558 0
15515.625 64.743 0
15521.484 62.938 0
15527.344 63.947 0
15533.203 64.049 0
15539.062 63.226 0
15544.922 64.136 0
15550.781 64.779 0
15556.641 63.548 0
15562.500 63.266 0
15568.359 64.086 0
15574.219 63.695 0
15580.078 65.009 0
15585.938 65.048 0
15591.797 65.212 0
15597.656 64.967 0
15603.516 64.253 0
15609.375 64.262 0
15615.234 63.872 0
15621.094 63.763 0
15626.953 64.985 0
15632.812 65.075 0
15638.672 64.246 0
15644.531 64.757 0
15650.391 64.663 0
15656.250 64.654 0
15662.109 63.591 0
15667.969 63.668 0
15673.828 63.363 0
15679.688 63.421 0
15685.547 63.725 0
15691.406 65.555 0
15697.266 65.089 0
15703.125 65.390 0
15708.984 65.019 0
15714.844 63.701 0
15720.703 63.309 0
15726.562 64.718 0
15732.422 65.211 0
15738.281 64.407 0
15744.141 63.617 0
15750.000 63.111 0
15755.859 64.411 0
15761.719 65.947 0
15767.578 66.043 0
15773.438 64.054 0
15779.297 65.243 0
15785.156 64.694 0
15791.016 61.936 0
15796.875 62.819 0
15802.734 64.222 0
15808.594 63.810 0
15814.453 65.495 0
15820.312 64.798 0
15826.172 63.747 0
15832.031 63.333 0
15837.891 64.485 0
15843.750 63.969 0
15849.609 65.190 0
15855.469 65.743 0
15861.328 65.286 0
15867.188 64.500 0
15873.047 64.880 0
15878.906 65.173 0
15884.766 62.713 0
15890.625 65.141 0
15896.484 65.199 0
15902.344 65.327 0
15908.203 66.489 0
15914.062 66.275 0
15919.922 65.281 0
15925.781 64.201 0
15931.641 65.355 0
15937.500 65.562 0
15943.359 64.943 0
15949.219 64.942 0
15955.078 64.443 0
15960.938 64.588 0
15966.797 64.970 0
15972.656 64.492 0
15978.516 65.010 0
15984.375 64.172 0
15990.234 64.342 0
15996.094 64.550 0
16001.953 65.134 0
16007.812 64.604 0
16013.672 64.215 0
16019.531 64.603 0
16025.391 64.954 0
16031.250 64.477 0
16037.109 63.037 0
16042.969 64.218 0
16048.828 64.216 0
16054.688 62.985 0
16060.547 64.101 0
16066.406 65.078 0
16072.266 65.486 0
16078.125 64.799 0
16083.984 63.976 0
16089.844 64.240 0
16095.703 64.602 0
16101.562 64.445 0
16107.422 64.670 0
16113.281 65.256 0
16119.141 64.678 0
16125.000 63.606 0
16130.859 63.900 0
16136.719 64.633 0
16142.578 64.820 0
16148.438 64.407 0
16154.297 64.108 0
16160.156 63.430 0
16166.016 64.442 0
16171.875 64.085 0
16177.734 62.266 0
16183.594 64.109 0
16189.453 64.245 0
16195.312 65.216 0
16201.172 65.012 0
16207.031 63.010 0
16212.891 63.743 0
16218.750 63.482 0
16224.609 63.280 0
16230.469 64.839 0
16236.328 64.394 0
16242.188 65.013 0
16248.047 65.301 0
16253.906 63.188 0
16259.766 63.428 0
16265.625 64.219 0
16271.484 63.889 0
16277.344 62.452 0
16283.203 63.763 0
16289.062 62.884 0
16294.922 62.737 0
16300.781 64.018 0
16306.641 64.225 0
16312.500 62.821 0
16318.359 63.057 0
16324.219 63.237 0
16330.078 63.360 0
16335.938 63.548 0
16341.797 62.850 0
16347.656 63.102 0
16353.516 63.321 0
16359.375 63.327 0
16365.234 63.641 0
16371.094 64.038 0
16376.953 62.417 0
16382.812 62.780 0
16388.672 61.541 0
16394.531 63.328 0
16400.391 63.385 0
16406.250 63.445 0
16412.109 63.035 0
16417.969 63.219 0
16423.828 63.469 0
16429.688 61.741 0
16435.547 62.778 0
16441.406 62.684 0
16447.266 62.422 0
16453.125 61.530 0
16458.984 62.643 0
16464.844 61.916 0
16470.703 62.753 0
16476.562 63.890 0
16482.422 63.408 0
16488.281 64.003 0
16494.141 63.763 0
16500.000 62.646 0
16505.859 61.473 0
16511.719 61.631 0
16517.578 62.838 0
16523.438 63.581 0
16529.297 63.842 0
16535.156 61.962 0
16541.016 61.195 0
16546.875 62.385 0
16552.734 63.174 0
16558.594 62.601 0
16564.453 61.675 0
16570.312 60.806 0
16576.172 60.108 0
16582.031 61.772 0
16587.891 62.104 0
16593.750 62.661 0
16599.609 63.490 0
16605.469 63.552 0
16611.328 62.606 0
16617.188 62.001 0
16623.047 62.218 0
16628.906 61.599 0
16634.766 60.615 0
16640.625 61.178 0
16646.484 61.422 0
16652.344 61.945 0
16658.203 61.703 0
16664.062 61.223 0
16669.922 60.988 0
16675.781 60.309 0
16681.641 61.800 0
16687.500 60.201 0
16693.359 61.058 0
16699.219 61.540 0
16705.078 60.842 0
16710.938 60.751 0
16716.797 61.356 0
16722.656 60.528 0
16728.516 59.824 0
16734.375 61.253 0
16740.234 60.361 0
16746.094 61.564 0
16751.953 61.512 0
16757.812 59.065 0
16763.672 60.535 0
16769.531 61.039 0
16775.391 60.118 0
16781.250 58.901 0
16787.109 59.037 0
16792.969 59.734 0
16798.828 59.936 0
16804.688 60.531 0
16810.547 60.639 0
16816.406 60.654 0
16822.266 60.115 0
16828.125 59.527 0
16833.984 60.005 0
16839.844 59.644 0
16845.703 58.917 0
16851.562 58.610 0
16857.422 59.616 0
16863.281 59.966 0
16869.141 59.510 0
16875.000 58.957 0
16880.859 58.216 0
16886.719 58.916 0
16892.578 58.738 0
16898.438 59.563 0
16904.297 58.836 0
16910.156 58.545 0
16916.016 58.961 0
16921.875 57.753 0
16927.734 57.714 0
16933.594 58.886 0
16939.453 58.631 0
16945.312 59.111 0
16951.172 59.205 0
16957.031 60.052 0
16962.891 59.814 0
16968.750 58.488 0
16974.609 59.059 0
16980.469 59.194 0
16986.328 57.588 0
16992.188 58.116 0
16998.047 58.934 0
17003.906 58.506 0
17009.766 58.913 0
17015.625 58.626 0
17021.484 56.535 0
17027.344 57.206 0
17033.203 57.409 0
17039.062 58.328 0
17044.922 57.596 0
17050.781 59.067 0
17056.641 58.935 0
17062.500 57.482 0
17068.359 57.872 0
17074.219 57.063 0
17080.078 57.083 0
17085.938 56.533 0
17091.797 56.230 0
17097.656 56.202 0
17103.516 57.197 0
17109.375 57.277 0
17115.234 57.605 0
17121.094 56.832 0
17126.953 56.848 0
17132.812 56.762 0
17138.672 56.183 0
17144.531 56.917 0
17150.391 56.526 0
17156.250 56.640 0
17162.109 55.555 0
17167.969 54.797 0
17173.828 55.989 0
17179.688 56.597 0
17185.547 56.974 0
17191.406 56.426 0
17197.266 56.893 0
17203.125 57.207 0
17208.984 56.043 0
17214.844 55.468 0
17220.703 56.974 0
17226.562 56.945 0
17232.422 55.457 0
17238.281 55.993 0
17244.141 55.365 0
17250.000 54.925 0
17255.859 56.802 0
17261.719 56.747 0
17267.578 56.226 0
17273.438 54.558 0
17279.297 54.826 0
17285.156 55.816 0
17291.016 56.169 0
17296.875 54.877 0
17302.734 55.525 0
17308.594 55.891 0
17314.453 55.437 0
17320.312 54.945 0
17326.172 55.232 0
17332.031 55.722 0
17337.891 55.019 0
17343.750 55.747 0
17349.609 55.446 0
17355.469 55.327 0
17361.328 54.667 0
17367.188 54.929 0
17373.047 54.527 0
17378.906 54.462 0
17384.766 54.858 0
17390.625 55.368 0
17396.484 55.308 0
17402.344 53.039 0
17408.203 53.922 0
17414.062 54.416 0
17419.922 54.985 0
17425.781 55.222 0
17431.641 54.763 0
17437.500 51.566 0
17443.359 54.339 0
17449.219 55.238 0
17455.078 54.825 0
17460.938 55.748 0
17466.797 54.723 0
17472.656 54.031 0
17478.516 53.906 0
17484.375 53.653 0
17490.234 53.622 0
17496.094 53.239 0
17501.953 55.540 0
17507.812 54.990 0
17513.672 55.097 0
17519.531 55.200 0
17525.391 54.216 0
17531.250 55.161 0
17537.109 54.237 0
17542.969 52.946 0
17548.828 53.741 0
17554.688 53.556 0
17560.547 53.584 0
17566.406 52.918 0
17572.266 54.101 0
17578.125 53.983 0
17583.984 54.066 0
17589.844 55.321 0
17595.703 55.026 0
17601.562 53.961 0
17607.422 54.448 0
17613.281 54.545 0
17619.141 53.297 0
17625.000 54.582 0
17630.859 54.307 0
17636.719 52.793 0
17642.578 54.880 0
17648.438 53.186 0
17654.297 54.237 0
17660.156 54.099 0
17666.016 54.608 0
17671.875 55.267 0
17677.734 55.624 0
17683.594 54.579 0
17689.453 55.893 0
17695.312 56.332 0
17701.172 55.411 0
17707.031 54.760 0
17712.891 53.663 0
17718.750 53.545 0
17724.609 54.208 0
17730.469 55.585 0
17736.328 55.761 0
17742.188 54.309 0
17748.047 53.291 0
17753.906 54.918 0
17759.766 55.127 0
17765.625 54.053 0
17771.484 54.595 0
17777.344 54.698 0
17783.203 55.306 0
17789.062 54.390 0
17794.922 53.591 0
17800.781 54.646 0
17806.641 54.408 0
17812.500 54.541 0
17818.359 54.573 0
17824.219 54.801 0
17830.078 54.472 0
17835.938 56.004 0
17841.797 54.550 0
17847.656 52.909 0
17853.516 54.424 0
17859.375 54.013 0
17865.234 54.276 0
17871.094 54.185 0
17876.953 54.185 0
17882.812 54.707 0
17888.672 54.909 0
17894.531 54.922 0
17900.391 54.710 0
17906.250 54.654 0
17912.109 53.772 0
17917.969 53.409 0
17923.828 53.384 0
17929.688 53.617 0
17935.547 53.877 0
17941.406 54.811 0
17947.266 54.341 0
17953.125 54.470 0
17958.984 54.390 0
17964.844 53.569 0
17970.703 54.054 0
17976.562 55.807 0
17982.422 55.281 0
17988.281 53.933 0
17994.141 53.827 0
18000.000 54.630 0
18005.859 55.294 0
18011.719 55.268 0
18017.578 54.459 0
18023.438 54.028 0
18029.297 53.259 0
18035.156 53.597 0
18041.016 55.659 0
18046.875 55.233 0
18052.734 55.376 0
18058.594 54.528 0
18064.453 54.683 0
18070.312 54.382 0
18076.172 54.696 0
18082.031 55.104 0
18087.891 55.136 0
18093.750 54.768 0
18099.609 53.704 0
18105.469 55.116 0
18111.328 55.769 0
18117.188 54.819 0
18123.047 54.017 0
18128.906 54.630 0
18134.766 53.737 0
18140.625 55.239 0
18146.484 55.276 0
18152.344 53.182 0
18158.203 53.770 0
18164.062 53.817 0
18169.922 54.672 0
18175.781 55.035 0
18181.641 53.238 0
18187.500 52.829 0
18193.359 52.461 0
18199.219 53.504 0
18205.078 54.355 0
18210.938 53.640 0
18216.797 54.317 0
18222.656 55.937 0
18228.516 54.185 0
18234.375 54.293 0
18240.234 53.964 0
18246.094 54.060 0
18251.953 53.628 0
18257.812 54.131 0
18263.672 53.150 0
18269.531 53.492 0
18275.391 53.964 0
18281.250 52.939 0
18287.109 53.255 0
18292.969 53.764 0
18298.828 53.053 0
18304.688 54.854 0
18310.547 54.813 0
18316.406 54.168 0
18322.266 53.504 0
18328.125 53.220 0
18333.984 53.176 0
18339.844 54.372 0
18345.703 53.630 0
18351.562 52.881 0
18357.422 53.991 0
18363.281 54.218 0
18369.141 54.589 0
18375.000 55.057 0
18380.859 53.871 0
18386.719 54.591 0
18392.578 53.643 0
18398.438 53.524 0
18404.297 54.822 0
18410.156 53.872 0
18416.016 54.392 0
18421.875 54.839 0
18427.734 53.536 0
18433.594 54.056 0
18439.453 53.819 0
18445.312 53.206 0
18451.172 53.350 0
18457.031 53.652 0
18462.891 54.923 0
18468.750 54.538 0
18474.609 53.250 0
18480.469 53.432 0
18486.328 53.596 0
18492.188 53.187 0
18498.047 51.706 0
18503.906 53.145 0
18509.766 55.118 0
18515.625 54.271 0
18521.484 53.572 0
18527.344 53.635 0
18533.203 54.438 0
18539.062 53.852 0
18544.922 53.090 0
18550.781 52.929 0
18556.641 52.868 0
18562.500 53.664 0
18568.359 52.735 0
18574.219 53.485 0
18580.078 53.453 0
18585.938 52.295 0
18591.797 53.774 0
18597.656 52.925 0
18603.516 52.231 0
18609.375 53.334 0
18615.234 54.330 0
18621.094 52.675 0
18626.953 52.856 0
18632.812 53.100 0
18638.672 54.194 0
18644.531 54.767 0
18650.391 53.692 0
18656.250 53.005 0
18662.109 52.910 0
18667.969 52.413 0
18673.828 52.376 0
18679.688 53.744 0
18685.547 54.470 0
18691.406 51.990 0
18697.266 52.359 0
18703.125 54.359 0
18708.984 53.068 0
18714.844 51.475 0
18720.703 52.171 0
18726.562 52.185 0
18732.422 53.432 0
18738.281 54.702 0
18744.141 53.049 0
18750.000 52.721 0
18755.859 54.305 0
18761.719 55.116 0
18767.578 54.565 0
18773.438 54.501 0
18779.297 52.887 0
18785.156 53.919 0
18791.016 53.184 0
18796.875 52.633 0
18802.734 53.254 0
18808.594 53.330 0
18814.453 52.309 0
18820.312 53.026 0
18826.172 52.806 0
18832.031 53.803 0
18837.891 52.902 0
18843.750 52.909 0
18849.609 53.124 0
18855.469 54.383 0
18861.328 54.317 0
18867.188 52.786 0
18873.047 53.612 0
18878.906 54.332 0
18884.766 52.903 0
18890.625 51.428 0
18896.484 53.508 0
18902.344 54.105 0
18908.203 53.654 0
18914.062 53.542 0
18919.922 53.924 0
18925.781 52.449 0
18931.641 52.751 0
18937.500 52.445 0
18943.359 53.139 0
18949.219 52.650 0
18955.078 53.037 0
18960.938 53.145 0
18966.797 53.133 0
18972.656 53.246 0
18978.516 51.962 0
18984.375 52.126 0
18990.234 52.476 0
18996.094 52.798 0
19001.953 53.177 0
19007.812 52.763 0
19013.672 52.007 0
19019.531 52.124 0
19025.391 54.097 0
19031.250 54.427 0
19037.109 54.712 0
19042.969 53.114 0
19048.828 51.816 0
19054.688 53.447 0
19060.547 53.206 0
19066.406 52.613 0
19072.266 53.610 0
19078.125 53.916 0
19083.984 53.296 0
19089.844 53.250 0
19095.703 53.084 0
19101.562 52.819 0
19107.422 52.683 0
19113.281 53.557 0
19119.141 52.919 0
19125.000 51.844 0
19130.859 50.682 0
19136.719 52.812 0
19142.578 53.212 0
19148.438 52.403 0
19154.297 53.857 0
19160.156 53.350 0
19166.016 52.472 0
19171.875 53.435 0
19177.734 53.143 0
19183.594 51.724 0
19189.453 52.294 0
19195.312 53.248 0
19201.172 53.009 0
19207.031 53.373 0
19212.891 53.391 0
19218.750 52.189 0
19224.609 51.561 0
19230.469 51.513 0
19236.328 50.839 0
19242.188 51.592 0
19248.047 51.533 0
19253.906 52.071 0
19259.766 52.305 0
19265.625 51.558 0
19271.484 51.984 0
19277.344 51.684 0
19283.203 52.209 0
19289.062 52.879 0
19294.922 53.373 0
19300.781 52.702 0
19306.641 52.905 0
19312.500 53.269 0
19318.359 51.952 0
19324.219 51.474 0
19330.078 51.824 0
19335.938 53.067 0
19341.797 51.881 0
19347.656 52.654 0
19353.516 52.636 0
19359.375 52.046 0
19365.234 52.049 0
19371.094 53.143 0
19376.953 52.252 0
19382.812 52.875 0
19388.672 53.163 0
19394.531 51.865 0
19400.391 52.199 0
19406.250 53.313 0
19412.109 52.741 0
19417.969 52.410 0
19423.828 53.061 0
19429.688 51.771 0
19435.547 51.975 0
19441.406 51.893 0
19447.266 52.511 0
19453.125 53.143 0
19458.984 52.432 0
19464.844 53.005 0
19470.703 52.678 0
19476.562 51.342 0
19482.422 51.753 0
19488.281 51.501 0
19494.141 51.347 0
19500.000 52.747 0
19505.859 51.990 0
19511.719 50.762 0
19517.578 51.784 0
19523.438 52.092 0
19529.297 52.540 0
19535.156 53.065 0
19541.016 51.407 0
19546.875 52.817 0
19552.734 52.328 0
19558.594 52.224 0
19564.453 51.349 0
19570.312 51.559 0
19576.172 51.304 0
19582.031 52.512 0
19587.891 52.988 0
19593.750 51.595 0
19599.609 52.225 0
19605.469 52.545 0
19611.328 52.907 0
19617.188 52.456 0
19623.047 52.758 0
19628.906 52.013 0
19634.766 51.951 0
19640.625 51.211 0
19646.484 50.840 0
19652.344 51.806 0
19658.203 52.356 0
19664.062 52.818 0
19669.922 52.538 0
19675.781 52.174 0
19681.641 51.768 0
19687.500 50.651 0
19693.359 51.064 0
19699.219 49.827 0
19705.078 51.631 0
19710.938 52.161 0
19716.797 51.212 0
19722.656 52.398 0
19728.516 53.374 0
19734.375 52.906 0
19740.234 52.462 0
19746.094 52.865 0
19751.953 52.476 0
19757.812 52.449 0
19763.672 52.943 0
19769.531 52.527 0
19775.391 52.052 0
19781.250 52.948 0
19787.109 52.560 0
19792.969 53.525 0
19798.828 52.270 0
19804.688 51.680 0
19810.547 52.443 0
19816.406 52.898 0
19822.266 52.350 0
19828.125 51.152 0
19833.984 51.556 0
19839.844 51.366 0
19845.703 51.110 0
19851.562 52.640 0
19857.422 52.866 0
19863.281 52.181 0
19869.141 50.787 0
19875.000 51.524 0
19880.859 51.421 0
19886.719 51.464 0
19892.578 50.880 0
19898.438 51.450 0
19904.297 52.402 0
19910.156 51.205 0
19916.016 51.652 0
19921.875 51.722 0
19927.734 52.878 0
19933.594 52.700 0
19939.453 51.469 0
19945.312 52.505 0
19951.172 53.686 0
19957.031 53.313 0
19962.891 53.792 0
19968.750 51.853 0
19974.609 51.292 0
19980.469 51.751 0
19986.328 52.049 0
19992.188 52.052 0
19998.047 52.071 0
20003.906 52.432 0
20009.766 51.916 0
20015.625 51.910 0
20021.484 53.347 0
20027.344 51.563 0
20033.203 52.335 0
20039.062 52.360 0
20044.922 53.151 0
20050.781 52.656 0
20056.641 52.353 0
20062.500 52.688 0
20068.359 51.567 0
20074.219 52.376 0
20080.078 52.173 0
20085.938 52.936 0
20091.797 53.180 0
20097.656 52.654 0
20103.516 51.151 0
20109.375 51.719 0
20115.234 52.553 0
20121.094 53.321 0
20126.953 53.768 0
20132.812 53.254 0
20138.672 51.063 0
20144.531 51.715 0
20150.391 51.435 0
20156.250 51.794 0
20162.109 52.715 0
20167.969 52.616 0
20173.828 52.540 0
20179.688 53.115 0
20185.547 53.259 0
20191.406 53.486 0
20197.266 52.177 0
20203.125 52.027 0
20208.984 52.369 0
20214.844 53.762 0
20220.703 53.646 0
20226.562 51.960 0
20232.422 52.747 0
20238.281 52.657 0
20244.141 52.330 0
20250.000 52.811 0
20255.859 52.822 0
20261.719 53.029 0
20267.578 52.758 0
20273.438 52.502 0
20279.297 51.549 0
20285.156 52.495 0
20291.016 52.264 0
20296.875 53.075 0
20302.734 51.210 0
20308.594 51.623 0
20314.453 51.661 0
20320.312 52.791 0
20326.172 54.575 0
20332.031 52.141 0
20337.891 51.985 0
20343.750 52.219 0
20349.609 52.965 0
20355.469 52.537 0
20361.328 51.556 0
20367.188 52.021 0
20373.047 53.350 0
20378.906 53.865 0
20384.766 52.962 0
20390.625 51.971 0
20396.484 52.953 0
20402.344 52.703 0
20408.203 52.050 0
20414.062 53.254 0
20419.922 52.724 0
20425.781 51.646 0
20431.641 52.094 0
20437.500 50.626 0
20443.359 51.412 0
20449.219 51.612 0
20455.078 52.060 0
20460.938 51.168 0
20466.797 51.549 0
20472.656 52.741 0
20478.516 51.871 0
20484.375 52.019 0
20490.234 51.053 0
20496.094 51.340 0
20501.953 51.610 0
20507.812 52.028 0
20513.672 52.599 0
20519.531 52.493 0
20525.391 52.602 0
20531.250 52.017 0
20537.109 52.158 0
20542.969 51.814 0
20548.828 51.277 0
20554.688 51.180 0
20560.547 51.802 0
20566.406 50.972 0
20572.266 50.174 0
20578.125 50.534 0
20583.984 50.954 0
20589.844 50.926 0
20595.703 50.858 0
20601.562 50.820 0
20607.422 50.006 0
20613.281 51.232 0
20619.141 51.488 0
20625.000 51.564 0
20630.859 51.358 0
20636.719 50.675 0
20642.578 51.312 0
20648.438 50.176 0
20654.297 49.542 0
20660.156 49.799 0
20666.016 49.418 0
20671.875 49.791 0
20677.734 49.950 0
20683.594 50.475 0
20689.453 51.908 0
20695.312 50.702 0
20701.172 49.565 0
20707.031 51.429 0
20712.891 50.455 0
20718.750 51.006 0
20724.609 51.635 0
20730.469 50.392 0
20736.328 50.515 0
20742.188 50.970 0
20748.047 50.668 0
20753.906 51.188 0
20759.766 49.942 0
20765.625 48.848 0
20771.484 50.172 0
20777.344 50.025 0
20783.203 49.790 0
20789.062 50.502 0
20794.922 51.278 0
20800.781 51.015 0
20806.641 51.408 0
20812.500 49.221 0
20818.359 50.157 0
20824.219 50.480 0
20830.078 49.865 0
20835.938 49.135 0
20841.797 50.759 0
20847.656 51.065 0
20853.516 50.642 0
20859.375 48.709 0
20865.234 50.210 0
20871.094 51.027 0
20876.953 50.225 0
20882.812 50.083 0
20888.672 50.016 0
20894.531 49.943 0
20900.391 50.281 0
20906.250 50.618 0
20912.109 50.351 0
20917.969 48.565 0
20923.828 47.313 0
20929.688 49.955 0
20935.547 50.618 0
20941.406 50.254 0
20947.266 48.303 0
20953.125 48.767 0
20958.984 48.746 0
20964.844 49.077 0
20970.703 50.352 0
20976.562 50.546 0
20982.422 49.985 0
20988.281 48.381 0
20994.141 49.200 0
21000.000 48.561 0
21005.859 49.205 0
21011.719 48.773 0
21017.578 48.937 0
21023.438 49.802 0
21029.297 49.801 0
21035.156 49.551 0
21041.016 50.480 0
21046.875 49.026 0
21052.734 49.862 0
21058.594 48.990 0
21064.453 48.827 0
21070.312 49.569 0
21076.172 49.456 0
21082.031 49.178 0
21087.891 48.993 0
21093.750 49.021 0
21099.609 48.527 0
21105.469 48.540 0
21111.328 47.804 0
21117.188 47.724 0
21123.047 48.890 0
21128.906 49.392 0
21134.766 48.651 0
21140.625 49.320 0
21146.484 49.109 0
21152.344 48.348 0
21158.203 48.049 0
21164.062 49.356 0
21169.922 50.276 0
21175.781 50.622 0
21181.641 49.217 0
21187.500 48.639 0
21193.359 48.680 0
21199.219 48.616 0
21205.078 47.793 0
21210.938 47.663 0
21216.797 49.216 0
21222.656 48.664 0
21228.516 48.807 0
21234.375 48.885 0
21240.234 47.597 0
21246.094 48.777 0
21251.953 49.185 0
21257.812 48.547 0
21263.672 49.429 0
21269.531 48.856 0
21275.391 48.307 0
21281.250 48.597 0
21287.109 50.435 0
21292.969 50.626 0
21298.828 48.771 0
21304.688 48.073 0
21310.547 48.362 0
21316.406 47.820 0
21322.266 49.097 0
21328.125 50.187 0
21333.984 49.231 0
21339.844 46.858 0
21345.703 45.303 0
21351.562 47.649 0
21357.422 48.416 0
21363.281 48.369 0
21369.141 47.866 0
21375.000 49.533 0
21380.859 49.325 0
21386.719 49.070 0
21392.578 48.332 0
21398.438 48.326 0
21404.297 48.571 0
21410.156 48.446 0
21416.016 48.148 0
21421.875 48.508 0
21427.734 47.784 0
21433.594 49.054 0
21439.453 48.540 0
21445.312 48.590 0
21451.172 49.568 0
21457.031 48.955 0
21462.891 48.705 0
21468.750 49.194 0
21474.609 47.634 0
21480.469 48.975 0
21486.328 49.005 0
21492.188 49.486 0
21498.047 48.809 0
21503.906 48.431 0
21509.766 48.014 0
21515.625 48.995 0
21521.484 49.885 0
21527.344 49.301 0
21533.203 49.825 0
21539.062 49.000 0
21544.922 48.538 0
21550.781 49.118 0
21556.641 49.154 0
21562.500 49.717 0
21568.359 49.367 0
21574.219 49.701 0
21580.078 50.335 0
21585.938 50.920 0
21591.797 50.958 0
21597.656 49.741 0
21603.516 50.746 0
21609.375 51.827 0
21615.234 50.705 0
21621.094 49.968 0
21626.953 49.618 0
21632.812 49.967 0
21638.672 50.044 0
21644.531 51.233 0
21650.391 51.531 0
21656.250 50.743 0
21662.109 51.269 0
21667.969 50.198 0
21673.828 50.189 0
21679.688 50.148 0
21685.547 50.347 0
21691.406 51.808 0
21697.266 50.770 0
21703.125 50.592 0
21708.984 50.866 0
21714.844 51.990 0
21720.703 52.195 0
21726.562 51.918 0
21732.422 51.455 0
21738.281 50.420 0
21744.141 51.658 0
21750.000 52.047 0
21755.859 53.084 0
21761.719 52.249 0
21767.578 52.023 0
21773.438 52.094 0
21779.297 51.506 0
21785.156 50.212 0
21791.016 49.473 0
21796.875 50.123 0
21802.734 51.108 0
21808.594 50.296 0
21814.453 52.338 0
21820.312 53.169 0
21826.172 51.664 0
21832.031 51.309 0
21837.891 51.096 0
21843.750 51.548 0
21849.609 51.611 0
21855.469 52.553 0
21861.328 52.196 0
21867.188 51.817 0
21873.047 51.736 0
21878.906 49.975 0
21884.766 51.097 0
21890.625 52.240 0
21896.484 52.277 0
21902.344 53.575 0
21908.203 52.174 0
21914.062 51.374 0
21919.922 52.289 0
21925.781 52.009 0
21931.641 52.616 0
21937.500 52.348 0
21943.359 52.692 0
21949.219 52.294 0
21955.078 53.319 0
21960.938 52.283 0
21966.797 53.257 0
21972.656 53.913 0
21978.516 54.463 0
21984.375 53.571 0
21990.234 52.529 0
21996.094 51.768 0
22001.953 53.480 0
22007.812 52.813 0
22013.672 53.040 0
22019.531 52.950 0
22025.391 52.881 0
22031.250 51.948 0
22037.109 51.806 0
22042.969 52.214 0
22048.828 52.812 0
22054.688 53.395 0
22060.547 54.248 0
22066.406 54.606 0
22072.266 53.220 0
22078.125 52.984 0
22083.984 52.154 0
22089.844 51.962 0
22095.703 52.727 0
22101.562 53.249 0
22107.422 52.116 0
22113.281 50.601 0
22119.141 51.488 0
22125.000 53.859 0
22130.859 54.337 0
22136.719 53.085 0
22142.578 53.529 0
22148.438 54.166 0
22154.297 53.734 0
22160.156 53.104 0
22166.016 53.828 0
22171.875 54.284 0
22177.734 54.473 0
22183.594 52.250 0
22189.453 52.621 0
22195.312 53.288 0
22201.172 53.478 0
22207.031 52.448 0
22212.891 53.200 0
22218.750 52.467 0
22224.609 52.874 0
22230.469 52.780 0
22236.328 52.361 0
22242.188 52.778 0
22248.047 53.445 0
22253.906 52.744 0
22259.766 52.612 0
22265.625 53.257 0
22271.484 53.055 0
22277.344 53.559 0
22283.203 53.469 0
22289.062 53.113 0
22294.922 52.417 0
22300.781 52.707 0
22306.641 53.200 0
22312.500 53.728 0
22318.359 53.825 0
22324.219 52.224 0
22330.078 49.847 0
22335.938 50.382 0
22341.797 51.329 0
22347.656 51.373 0
22353.516 53.075 0
22359.375 53.327 0
22365.234 53.885 0
22371.094 53.572 0
22376.953 52.966 0
22382.812 52.352 0
22388.672 52.627 0
22394.531 52.641 0
22400.391 50.837 0
22406.250 52.301 0
22412.109 50.745 0
22417.969 50.409 0
22423.828 50.760 0
22429.688 51.165 0
22435.547 50.582 0
22441.406 50.201 0
22447.266 51.304 0
22453.125 51.899 0
22458.984 51.497 0
22464.844 50.813 0
22470.703 50.808 0
22476.562 49.961 0
22482.422 51.674 0
22488.281 51.106 0
22494.141 50.554 0
22500.000 50.953 0
22505.859 50.671 0
22511.719 50.126 0
22517.578 51.876 0
22523.438 52.070 0
22529.297 49.889 0
22535.156 50.549 0
22541.016 50.119 0
22546.875 50.142 0
22552.734 50.167 0
22558.594 50.994 0
22564.453 52.024 0
22570.312 51.474 0
22576.172 50.770 0
22582.031 50.801 0
22587.891 50.587 0
22593.750 51.309 0
22599.609 50.793 0
22605.469 50.346 0
22611.328 49.882 0
22617.188 50.182 0
22623.047 50.296 0
22628.906 49.998 0
22634.766 49.747 0
22640.625 49.779 0
22646.484 49.394 0
22652.344 49.559 0
22658.203 49.565 0
22664.062 48.396 0
22669.922 50.375 0
22675.781 49.996 0
22681.641 50.503 0
22687.500 48.696 0
22693.359 48.908 0
22699.219 49.954 0
22705.078 50.135 0
22710.938 50.728 0
22716.797 49.883 0
22722.656 49.737 0
22728.516 49.967 0
22734.375 50.986 0
22740.234 51.327 0
22746.094 49.907 0
22751.953 48.827 0
22757.812 48.362 0
22763.672 48.338 0
22769.531 48.791 0
22775.391 48.256 0
22781.250 49.186 0
22787.109 49.047 0
22792.969 48.553 0
22798.828 48.669 0
22804.688 48.564 0
22810.547 48.449 0
22816.406 49.172 0
22822.266 48.014 0
22828.125 48.869 0
22833.984 48.681 0
22839.844 48.604 0
22845.703 48.811 0
22851.562 48.642 0
22857.422 48.193 0
22863.281 48.380 0
22869.141 48.389 0
22875.000 47.879 0
22880.859 47.140 0
22886.719 47.796 0
22892.578 47.740 0
22898.438 49.176 0
22904.297 47.257 0
22910.156 48.167 0
22916.016 47.891 0
22921.875 46.605 0
22927.734 48.334 0
22933.594 47.462 0
22939.453 47.814 0
22945.312 48.751 0
22951.172 48.573 0
22957.031 48.698 0
22962.891 47.977 0
22968.750 48.429 0
22974.609 48.342 0
22980.469 46.723 0
22986.328 47.051 0
22992.188 48.022 0
22998.047 47.297 0
23003.906 47.082 0
23009.766 46.860 0
23015.625 47.544 0
23021.484 48.182 0
23027.344 47.030 0
23033.203 47.249 0
23039.062 48.087 0
23044.922 47.663 0
23050.781 46.443 0
23056.641 46.088 0
23062.500 46.344 0
23068.359 45.100 0
23074.219 45.659 0
23080.078 46.273 0
23085.938 45.348 0
23091.797 46.313 0
23097.656 47.091 0
23103.516 46.941 0
23109.375 46.776 0
23115.234 48.159 0
23121.094 46.868 0
23126.953 45.193 0
23132.812 46.777 0
23138.672 46.368 0
23144.531 47.138 0
23150.391 46.208 0
23156.250 44.683 0
23162.109 45.584 0
23167.969 46.134 0
23173.828 45.818 0
23179.688 46.669 0
23185.547 46.738 0
23191.406 46.709 0
23197.266 45.813 0
23203.125 45.919 0
23208.984 46.026 0
23214.844 45.370 0
23220.703 45.735 0
23226.562 45.379 0
23232.422 45.748 0
23238.281 44.546 0
23244.141 43.956 0
23250.000 43.990 0
23255.859 45.293 0
23261.719 44.836 0
23267.578 44.817 0
23273.438 45.563 0
23279.297 46.661 0
23285.156 45.571 0
23291.016 44.754 0
23296.875 44.599 0
23302.734 44.223 0
23308.594 45.361 0
23314.453 44.721 0
23320.312 45.371 0
23326.172 46.133 0
23332.031 46.306 0
23337.891 45.230 0
23343.750 44.534 0
23349.609 43.636 0
23355.469 43.399 0
23361.328 44.977 0
23367.188 44.745 0
23373.047 44.658 0
23378.906 44.743 0
23384.766 43.235 0
23390.625 42.448 0
23396.484 44.827 0
23402.344 44.505 0
23408.203 44.881 0
23414.062 44.818 0
23419.922 45.352 0
23425.781 44.581 0
23431.641 45.606 0
23437.500 44.843 0
23443.359 43.370 0
23449.219 44.536 0
23455.078 45.925 0
23460.938 44.503 0
23466.797 44.165 0
23472.656 44.693 0
23478.516 43.895 0
23484.375 44.924 0
23490.234 44.949 0
23496.094 44.177 0
23501.953 44.207 0
23507.812 43.660 0
23513.672 44.832 0
23519.531 45.728 0
23525.391 45.026 0
23531.250 44.731 0
23537.109 44.186 0
23542.969 43.851 0
23548.828 42.924 0
23554.688 42.388 0
23560.547 42.764 0
23566.406 44.412 0
23572.266 43.510 0
23578.125 43.135 0
23583.984 42.335 0
23589.844 41.845 0
23595.703 44.015 0
23601.562 45.027 0
23607.422 43.955 0
23613.281 44.339 0
23619.141 43.694 0
23625.000 43.528 0
23630.859 44.360 0
23636.719 44.712 0
23642.578 44.983 0
23648.438 43.431 0
23654.297 44.359 0
23660.156 44.104 0
23666.016 43.189 0
23671.875 43.328 0
23677.734 43.010 0
23683.594 43.379 0
23689.453 42.850 0
23695.312 43.601 0
23701.172 42.673 0
23707.031 43.211 0
23712.891 41.999 0
23718.750 42.251 0
23724.609 41.618 0
23730.469 42.269 0
23736.328 42.929 0
23742.188 42.364 0
23748.047 43.096 0
23753.906 42.123 0
23759.766 42.079 0
23765.625 41.156 0
23771.484 41.508 0
23777.344 42.240 0
23783.203 42.141 0
23789.062 42.358 0
23794.922 43.149 0
23800.781 40.766 0
23806.641 40.774 0
23812.500 41.212 0
23818.359 41.428 0
23824.219 42.013 0
23830.078 41.086 0
23835.938 40.723 0
23841.797 41.631 0
23847.656 40.515 0
23853.516 39.941 0
23859.375 39.986 0
23865.234 40.624 0
23871.094 39.745 0
23876.953 39.921 0
23882.812 39.636 0
23888.672 40.254 0
23894.531 38.719 0
23900.391 40.193 0
23906.250 39.013 0
23912.109 40.557 0
23917.969 41.114 0
23923.828 39.766 0
23929.688 40.003 0
23935.547 38.583 0
23941.406 39.270 0
23947.266 39.254 0
23953.125 39.363 0
23958.984 39.220 0
23964.844 38.286 0
23970.703 39.393 0
23976.562 39.781 0
23982.422 40.146 0
23988.281 39.496 0
