* Measurement data measured by REW V5,19
* Source: Input device not selected, no input selected, L, volume: no control
* Format: 8192-point spectrum using Hann window and 32 averages 
* Dated: 23-jun-2021 12:56:12
* REW Settings:
*  C-weighting compensation: Off
*  Target level: 75.0 dB
* Note: 8192-point spectrum using Hann window and 32 averages Input RMS 113,6 dB, 112,2 dBC, 113,9 dBA
* Measurement: jun 23 12:56:12
* Smoothing: None
* Frequency Step: 5.859375 Hz
* Start Frequency: 10.0 Hz
*
* Freq(Hz) SPL(dB) Phase(degrees)
11.719 75.362 0
17.578 75.734 0
23.438 77.288 0
29.297 80.557 0
35.156 82.354 0
41.016 82.864 0
46.875 82.842 0
52.734 82.488 0
58.594 79.865 0
64.453 76.458 0
70.312 75.020 0
76.172 74.581 0
82.031 75.237 0
87.891 76.846 0
93.750 77.119 0
99.609 77.868 0
105.469 76.519 0
111.328 75.565 0
117.188 79.018 0
123.047 80.135 0
128.906 78.525 0
134.766 76.971 0
140.625 75.451 0
146.484 77.049 0
152.344 75.673 0
158.203 74.443 0
164.062 73.682 0
169.922 74.184 0
175.781 73.341 0
181.641 73.326 0
187.500 72.568 0
193.359 73.217 0
199.219 74.807 0
205.078 75.461 0
210.938 76.159 0
216.797 75.033 0
222.656 75.819 0
228.516 75.369 0
234.375 74.101 0
240.234 73.973 0
246.094 75.050 0
251.953 75.580 0
257.812 74.901 0
263.672 74.886 0
269.531 74.733 0
275.391 74.094 0
281.250 74.657 0
287.109 75.064 0
292.969 76.117 0
298.828 76.547 0
304.688 75.263 0
310.547 74.924 0
316.406 76.664 0
322.266 76.198 0
328.125 76.179 0
333.984 75.987 0
339.844 76.136 0
345.703 74.738 0
351.562 74.942 0
357.422 75.669 0
363.281 75.376 0
369.141 75.992 0
375.000 76.153 0
380.859 76.798 0
386.719 76.458 0
392.578 75.864 0
398.438 75.947 0
404.297 76.715 0
410.156 75.665 0
416.016 76.362 0
421.875 77.278 0
427.734 76.671 0
433.594 75.702 0
439.453 75.440 0
445.312 76.250 0
451.172 75.107 0
457.031 76.179 0
462.891 75.625 0
468.750 75.679 0
474.609 74.779 0
480.469 75.675 0
486.328 77.273 0
492.188 76.160 0
498.047 75.343 0
503.906 76.757 0
509.766 76.503 0
515.625 74.698 0
521.484 74.238 0
527.344 75.643 0
533.203 76.325 0
539.062 77.142 0
544.922 76.801 0
550.781 76.122 0
556.641 75.461 0
562.500 75.561 0
568.359 75.879 0
574.219 76.411 0
580.078 75.987 0
585.938 77.328 0
591.797 76.134 0
597.656 75.164 0
603.516 74.863 0
609.375 74.686 0
615.234 75.313 0
621.094 75.641 0
626.953 73.146 0
632.812 74.416 0
638.672 74.630 0
644.531 75.013 0
650.391 74.606 0
656.250 74.403 0
662.109 75.022 0
667.969 74.980 0
673.828 74.751 0
679.688 74.456 0
685.547 76.058 0
691.406 75.908 0
697.266 76.375 0
703.125 76.910 0
708.984 76.458 0
714.844 74.888 0
720.703 75.794 0
726.562 75.496 0
732.422 74.982 0
738.281 75.278 0
744.141 76.513 0
750.000 75.667 0
755.859 75.450 0
761.719 76.024 0
767.578 75.529 0
773.438 76.633 0
779.297 76.538 0
785.156 76.199 0
791.016 75.310 0
796.875 74.697 0
802.734 75.432 0
808.594 74.983 0
814.453 75.017 0
820.312 75.266 0
826.172 74.510 0
832.031 74.039 0
837.891 75.030 0
843.750 76.561 0
849.609 75.847 0
855.469 75.457 0
861.328 76.219 0
867.188 76.430 0
873.047 75.997 0
878.906 75.724 0
884.766 74.703 0
890.625 74.613 0
896.484 75.217 0
902.344 75.925 0
908.203 75.855 0
914.062 76.188 0
919.922 75.668 0
925.781 75.301 0
931.641 75.704 0
937.500 77.141 0
943.359 75.274 0
949.219 74.316 0
955.078 76.509 0
960.938 75.809 0
966.797 76.540 0
972.656 77.192 0
978.516 77.065 0
984.375 76.763 0
990.234 75.659 0
996.094 75.917 0
1001.953 76.145 0
1007.812 76.177 0
1013.672 75.891 0
1019.531 74.916 0
1025.391 75.803 0
1031.250 76.492 0
1037.109 75.498 0
1042.969 76.983 0
1048.828 76.923 0
1054.688 76.747 0
1060.547 76.281 0
1066.406 77.026 0
1072.266 78.038 0
1078.125 76.750 0
1083.984 77.257 0
1089.844 77.632 0
1095.703 76.604 0
1101.562 76.203 0
1107.422 76.383 0
1113.281 76.257 0
1119.141 76.398 0
1125.000 76.733 0
1130.859 76.435 0
1136.719 75.833 0
1142.578 75.977 0
1148.438 77.781 0
1154.297 77.904 0
1160.156 76.993 0
1166.016 76.072 0
1171.875 74.381 0
1177.734 76.191 0
1183.594 76.339 0
1189.453 75.866 0
1195.312 76.519 0
1201.172 75.910 0
1207.031 74.679 0
1212.891 74.214 0
1218.750 74.985 0
1224.609 76.948 0
1230.469 76.657 0
1236.328 76.561 0
1242.188 77.109 0
1248.047 76.264 0
1253.906 74.836 0
1259.766 74.366 0
1265.625 75.591 0
1271.484 76.151 0
1277.344 74.578 0
1283.203 74.781 0
1289.062 75.979 0
1294.922 75.511 0
1300.781 74.451 0
1306.641 74.741 0
1312.500 74.897 0
1318.359 74.801 0
1324.219 75.481 0
1330.078 75.137 0
1335.938 76.142 0
1341.797 76.450 0
1347.656 74.918 0
1353.516 75.772 0
1359.375 76.197 0
1365.234 75.986 0
1371.094 76.253 0
1376.953 76.804 0
1382.812 75.704 0
1388.672 75.503 0
1394.531 74.679 0
1400.391 75.451 0
1406.250 76.404 0
1412.109 75.454 0
1417.969 76.333 0
1423.828 75.613 0
1429.688 75.229 0
1435.547 75.954 0
1441.406 75.990 0
1447.266 75.420 0
1453.125 73.266 0
1458.984 73.457 0
1464.844 75.048 0
1470.703 74.823 0
1476.562 75.132 0
1482.422 75.147 0
1488.281 75.052 0
1494.141 75.191 0
1500.000 76.594 0
1505.859 75.269 0
1511.719 75.310 0
1517.578 75.286 0
1523.438 75.115 0
1529.297 75.890 0
1535.156 76.206 0
1541.016 75.562 0
1546.875 75.575 0
1552.734 75.835 0
1558.594 75.302 0
1564.453 75.686 0
1570.312 76.253 0
1576.172 76.403 0
1582.031 76.104 0
1587.891 75.450 0
1593.750 75.206 0
1599.609 75.738 0
1605.469 75.702 0
1611.328 74.906 0
1617.188 73.781 0
1623.047 74.677 0
1628.906 76.148 0
1634.766 76.180 0
1640.625 73.931 0
1646.484 74.875 0
1652.344 74.539 0
1658.203 75.892 0
1664.062 76.505 0
1669.922 76.159 0
1675.781 74.248 0
1681.641 74.420 0
1687.500 76.191 0
1693.359 75.234 0
1699.219 73.904 0
1705.078 74.318 0
1710.938 75.507 0
1716.797 76.941 0
1722.656 76.746 0
1728.516 75.991 0
1734.375 74.768 0
1740.234 74.974 0
1746.094 75.198 0
1751.953 75.305 0
1757.812 76.453 0
1763.672 75.263 0
1769.531 74.235 0
1775.391 75.167 0
1781.250 77.001 0
1787.109 76.438 0
1792.969 76.755 0
1798.828 75.755 0
1804.688 75.189 0
1810.547 76.178 0
1816.406 76.843 0
1822.266 76.244 0
1828.125 76.843 0
1833.984 76.293 0
1839.844 76.276 0
1845.703 75.174 0
1851.562 76.689 0
1857.422 76.020 0
1863.281 75.543 0
1869.141 76.766 0
1875.000 77.736 0
1880.859 77.127 0
1886.719 77.302 0
1892.578 77.444 0
1898.438 77.230 0
1904.297 76.930 0
1910.156 76.955 0
1916.016 76.836 0
1921.875 76.908 0
1927.734 77.797 0
1933.594 76.896 0
1939.453 75.787 0
1945.312 75.613 0
1951.172 76.777 0
1957.031 76.937 0
1962.891 76.293 0
1968.750 77.130 0
1974.609 76.569 0
1980.469 76.683 0
1986.328 75.828 0
1992.188 76.578 0
1998.047 78.102 0
2003.906 78.749 0
2009.766 78.155 0
2015.625 76.202 0
2021.484 76.718 0
2027.344 76.005 0
2033.203 76.074 0
2039.062 75.548 0
2044.922 76.784 0
2050.781 77.807 0
2056.641 76.289 0
2062.500 76.508 0
2068.359 76.003 0
2074.219 76.039 0
2080.078 78.040 0
2085.938 78.914 0
2091.797 77.629 0
2097.656 77.032 0
2103.516 76.578 0
2109.375 77.022 0
2115.234 77.320 0
2121.094 76.782 0
2126.953 76.120 0
2132.812 76.971 0
2138.672 77.043 0
2144.531 75.563 0
2150.391 76.712 0
2156.250 76.121 0
2162.109 76.806 0
2167.969 75.545 0
2173.828 75.909 0
2179.688 76.680 0
2185.547 75.401 0
2191.406 76.152 0
2197.266 77.438 0
2203.125 77.426 0
2208.984 76.812 0
2214.844 74.708 0
2220.703 76.286 0
2226.562 76.885 0
2232.422 77.959 0
2238.281 77.303 0
2244.141 77.113 0
2250.000 76.991 0
2255.859 76.406 0
2261.719 76.199 0
2267.578 76.817 0
2273.438 77.143 0
2279.297 77.012 0
2285.156 77.506 0
2291.016 76.839 0
2296.875 77.079 0
2302.734 77.285 0
2308.594 77.284 0
2314.453 76.633 0
2320.312 75.661 0
2326.172 76.030 0
2332.031 76.454 0
2337.891 76.892 0
2343.750 76.884 0
2349.609 76.437 0
2355.469 76.316 0
2361.328 77.603 0
2367.188 75.821 0
2373.047 77.473 0
2378.906 77.633 0
2384.766 77.789 0
2390.625 76.712 0
2396.484 76.248 0
2402.344 76.764 0
2408.203 76.783 0
2414.062 77.708 0
2419.922 77.405 0
2425.781 77.611 0
2431.641 77.578 0
2437.500 76.869 0
2443.359 75.964 0
2449.219 76.214 0
2455.078 76.262 0
2460.938 75.567 0
2466.797 76.394 0
2472.656 76.541 0
2478.516 77.490 0
2484.375 76.812 0
2490.234 77.237 0
2496.094 76.262 0
2501.953 76.790 0
2507.812 77.860 0
2513.672 78.576 0
2519.531 77.885 0
2525.391 76.541 0
2531.250 76.340 0
2537.109 75.612 0
2542.969 77.954 0
2548.828 77.708 0
2554.688 76.183 0
2560.547 76.031 0
2566.406 76.578 0
2572.266 76.890 0
2578.125 75.890 0
2583.984 77.095 0
2589.844 77.934 0
2595.703 77.427 0
2601.562 78.487 0
2607.422 78.350 0
2613.281 77.364 0
2619.141 77.564 0
2625.000 77.022 0
2630.859 77.128 0
2636.719 77.702 0
2642.578 77.120 0
2648.438 76.531 0
2654.297 77.430 0
2660.156 78.794 0
2666.016 78.154 0
2671.875 77.174 0
2677.734 77.705 0
2683.594 77.676 0
2689.453 77.925 0
2695.312 78.166 0
2701.172 77.266 0
2707.031 76.877 0
2712.891 76.784 0
2718.750 75.941 0
2724.609 76.203 0
2730.469 76.434 0
2736.328 76.029 0
2742.188 77.069 0
2748.047 78.506 0
2753.906 78.030 0
2759.766 77.456 0
2765.625 77.595 0
2771.484 77.656 0
2777.344 77.583 0
2783.203 76.652 0
2789.062 77.129 0
2794.922 75.136 0
2800.781 75.885 0
2806.641 76.062 0
2812.500 76.286 0
2818.359 77.683 0
2824.219 77.150 0
2830.078 78.155 0
2835.938 76.528 0
2841.797 75.834 0
2847.656 76.651 0
2853.516 76.840 0
2859.375 76.889 0
2865.234 76.556 0
2871.094 75.546 0
2876.953 76.731 0
2882.812 77.546 0
2888.672 76.292 0
2894.531 77.083 0
2900.391 77.274 0
2906.250 76.826 0
2912.109 75.504 0
2917.969 76.696 0
2923.828 77.345 0
2929.688 76.961 0
2935.547 75.734 0
2941.406 75.527 0
2947.266 77.256 0
2953.125 77.386 0
2958.984 78.273 0
2964.844 78.931 0
2970.703 78.980 0
2976.562 77.946 0
2982.422 77.523 0
2988.281 77.208 0
2994.141 76.358 0
3000.000 76.958 0
3005.859 77.355 0
3011.719 76.546 0
3017.578 76.499 0
3023.438 77.178 0
3029.297 77.879 0
3035.156 78.113 0
3041.016 78.834 0
3046.875 79.735 0
3052.734 78.823 0
3058.594 78.298 0
3064.453 79.124 0
3070.312 78.909 0
3076.172 78.202 0
3082.031 78.967 0
3087.891 79.204 0
3093.750 78.054 0
3099.609 77.857 0
3105.469 78.904 0
3111.328 78.222 0
3117.188 78.001 0
3123.047 78.002 0
3128.906 78.511 0
3134.766 79.489 0
3140.625 79.776 0
3146.484 79.231 0
3152.344 79.475 0
3158.203 80.415 0
3164.062 79.993 0
3169.922 79.587 0
3175.781 79.168 0
3181.641 80.223 0
3187.500 81.624 0
3193.359 81.234 0
3199.219 80.450 0
3205.078 80.729 0
3210.938 79.861 0
3216.797 79.974 0
3222.656 80.538 0
3228.516 80.842 0
3234.375 80.922 0
3240.234 80.428 0
3246.094 81.704 0
3251.953 81.580 0
3257.812 82.151 0
3263.672 81.844 0
3269.531 81.280 0
3275.391 81.453 0
3281.250 81.340 0
3287.109 81.073 0
3292.969 80.495 0
3298.828 80.804 0
3304.688 80.828 0
3310.547 81.147 0
3316.406 80.739 0
3322.266 82.356 0
3328.125 83.266 0
3333.984 83.068 0
3339.844 81.751 0
3345.703 80.981 0
3351.562 82.445 0
3357.422 81.945 0
3363.281 82.310 0
3369.141 82.848 0
3375.000 82.175 0
3380.859 83.496 0
3386.719 83.506 0
3392.578 82.788 0
3398.438 84.590 0
3404.297 83.667 0
3410.156 83.178 0
3416.016 84.053 0
3421.875 83.764 0
3427.734 82.776 0
3433.594 84.053 0
3439.453 83.184 0
3445.312 83.908 0
3451.172 82.467 0
3457.031 82.632 0
3462.891 83.321 0
3468.750 84.148 0
3474.609 83.000 0
3480.469 83.008 0
3486.328 84.261 0
3492.188 85.345 0
3498.047 84.689 0
3503.906 85.444 0
3509.766 83.801 0
3515.625 83.631 0
3521.484 83.884 0
3527.344 85.492 0
3533.203 85.527 0
3539.062 84.402 0
3544.922 84.659 0
3550.781 85.321 0
3556.641 84.223 0
3562.500 83.338 0
3568.359 85.726 0
3574.219 85.673 0
3580.078 85.710 0
3585.938 85.122 0
3591.797 85.755 0
3597.656 86.461 0
3603.516 85.428 0
3609.375 85.340 0
3615.234 84.684 0
3621.094 85.240 0
3626.953 84.812 0
3632.812 84.121 0
3638.672 85.919 0
3644.531 85.581 0
3650.391 85.912 0
3656.250 85.476 0
3662.109 84.478 0
3667.969 86.027 0
3673.828 85.827 0
3679.688 85.941 0
3685.547 85.282 0
3691.406 85.390 0
3697.266 85.305 0
3703.125 84.066 0
3708.984 85.298 0
3714.844 85.315 0
3720.703 85.243 0
3726.562 87.197 0
3732.422 85.615 0
3738.281 85.464 0
3744.141 85.926 0
3750.000 87.131 0
3755.859 86.763 0
3761.719 86.076 0
3767.578 86.244 0
3773.438 87.407 0
3779.297 88.446 0
3785.156 87.108 0
3791.016 86.495 0
3796.875 87.621 0
3802.734 88.788 0
3808.594 88.016 0
3814.453 88.998 0
3820.312 88.480 0
3826.172 88.450 0
3832.031 86.577 0
3837.891 86.950 0
3843.750 87.772 0
3849.609 87.741 0
3855.469 87.610 0
3861.328 87.171 0
3867.188 86.692 0
3873.047 86.955 0
3878.906 87.295 0
3884.766 86.673 0
3890.625 85.216 0
3896.484 85.233 0
3902.344 86.156 0
3908.203 87.736 0
3914.062 86.906 0
3919.922 86.393 0
3925.781 86.847 0
3931.641 87.107 0
3937.500 86.588 0
3943.359 87.848 0
3949.219 89.154 0
3955.078 88.511 0
3960.938 86.644 0
3966.797 88.060 0
3972.656 88.285 0
3978.516 87.572 0
3984.375 87.494 0
3990.234 87.576 0
3996.094 87.016 0
4001.953 87.259 0
4007.812 86.311 0
4013.672 87.217 0
4019.531 87.723 0
4025.391 86.931 0
4031.250 87.620 0
4037.109 87.519 0
4042.969 87.831 0
4048.828 87.160 0
4054.688 87.895 0
4060.547 87.880 0
4066.406 86.574 0
4072.266 86.918 0
4078.125 86.610 0
4083.984 87.168 0
4089.844 87.039 0
4095.703 86.796 0
4101.562 87.974 0
4107.422 86.546 0
4113.281 85.286 0
4119.141 86.279 0
4125.000 87.805 0
4130.859 87.102 0
4136.719 87.064 0
4142.578 85.846 0
4148.438 85.921 0
4154.297 86.403 0
4160.156 85.388 0
4166.016 86.763 0
4171.875 85.942 0
4177.734 83.427 0
4183.594 84.432 0
4189.453 85.767 0
4195.312 85.239 0
4201.172 83.943 0
4207.031 84.618 0
4212.891 85.193 0
4218.750 84.551 0
4224.609 86.058 0
4230.469 86.318 0
4236.328 85.288 0
4242.188 84.997 0
4248.047 86.146 0
4253.906 86.323 0
4259.766 85.260 0
4265.625 85.844 0
4271.484 85.665 0
4277.344 86.731 0
4283.203 86.958 0
4289.062 86.009 0
4294.922 85.541 0
4300.781 86.593 0
4306.641 86.936 0
4312.500 85.845 0
4318.359 85.409 0
4324.219 87.054 0
4330.078 88.128 0
4335.938 86.816 0
4341.797 86.959 0
4347.656 86.788 0
4353.516 86.820 0
4359.375 87.108 0
4365.234 87.644 0
4371.094 88.077 0
4376.953 87.091 0
4382.812 87.104 0
4388.672 88.242 0
4394.531 88.352 0
4400.391 88.018 0
4406.250 89.536 0
4412.109 89.618 0
4417.969 89.403 0
4423.828 89.545 0
4429.688 90.730 0
4435.547 90.446 0
4441.406 90.836 0
4447.266 90.870 0
4453.125 90.736 0
4458.984 89.951 0
4464.844 90.693 0
4470.703 91.628 0
4476.562 90.597 0
4482.422 90.568 0
4488.281 89.204 0
4494.141 90.131 0
4500.000 89.627 0
4505.859 90.573 0
4511.719 90.321 0
4517.578 89.525 0
4523.438 89.472 0
4529.297 90.989 0
4535.156 91.592 0
4541.016 91.125 0
4546.875 91.726 0
4552.734 91.817 0
4558.594 91.485 0
4564.453 91.565 0
4570.312 92.030 0
4576.172 91.915 0
4582.031 91.036 0
4587.891 91.261 0
4593.750 90.084 0
4599.609 90.992 0
4605.469 91.375 0
4611.328 91.041 0
4617.188 91.307 0
4623.047 90.488 0
4628.906 91.952 0
4634.766 91.943 0
4640.625 91.199 0
4646.484 90.895 0
4652.344 90.041 0
4658.203 90.982 0
4664.062 91.292 0
4669.922 91.852 0
4675.781 90.687 0
4681.641 89.689 0
4687.500 90.871 0
4693.359 90.318 0
4699.219 90.614 0
4705.078 90.701 0
4710.938 91.353 0
4716.797 90.096 0
4722.656 89.476 0
4728.516 90.246 0
4734.375 89.781 0
4740.234 89.350 0
4746.094 88.300 0
4751.953 88.317 0
4757.812 90.995 0
4763.672 90.990 0
4769.531 89.530 0
4775.391 90.352 0
4781.250 90.302 0
4787.109 89.415 0
4792.969 89.809 0
4798.828 90.024 0
4804.688 88.967 0
4810.547 88.653 0
4816.406 90.101 0
4822.266 89.133 0
4828.125 90.383 0
4833.984 90.511 0
4839.844 90.042 0
4845.703 89.354 0
4851.562 88.644 0
4857.422 87.985 0
4863.281 88.463 0
4869.141 88.905 0
4875.000 89.554 0
4880.859 88.603 0
4886.719 88.163 0
4892.578 88.294 0
4898.438 89.058 0
4904.297 89.729 0
4910.156 89.038 0
4916.016 88.230 0
4921.875 88.942 0
4927.734 90.277 0
4933.594 90.634 0
4939.453 89.607 0
4945.312 89.430 0
4951.172 88.683 0
4957.031 90.148 0
4962.891 89.966 0
4968.750 88.234 0
4974.609 87.957 0
4980.469 88.726 0
4986.328 88.002 0
4992.188 87.545 0
4998.047 88.542 0
5003.906 89.206 0
5009.766 89.098 0
5015.625 89.944 0
5021.484 88.224 0
5027.344 86.239 0
5033.203 87.228 0
5039.062 88.623 0
5044.922 88.667 0
5050.781 88.310 0
5056.641 88.703 0
5062.500 87.663 0
5068.359 87.146 0
5074.219 88.452 0
5080.078 88.455 0
5085.938 87.617 0
5091.797 87.807 0
5097.656 86.553 0
5103.516 87.003 0
5109.375 88.304 0
5115.234 88.416 0
5121.094 88.151 0
5126.953 88.508 0
5132.812 87.580 0
5138.672 87.421 0
5144.531 88.270 0
5150.391 87.076 0
5156.250 87.224 0
5162.109 87.347 0
5167.969 87.102 0
5173.828 86.175 0
5179.688 85.719 0
5185.547 86.455 0
5191.406 87.003 0
5197.266 87.332 0
5203.125 87.572 0
5208.984 86.656 0
5214.844 86.606 0
5220.703 86.922 0
5226.562 87.845 0
5232.422 85.623 0
5238.281 85.366 0
5244.141 85.856 0
5250.000 86.697 0
5255.859 86.579 0
5261.719 86.055 0
5267.578 87.020 0
5273.438 88.001 0
5279.297 87.744 0
5285.156 87.246 0
5291.016 86.966 0
5296.875 84.956 0
5302.734 84.659 0
5308.594 85.763 0
5314.453 86.355 0
5320.312 86.357 0
5326.172 86.312 0
5332.031 86.724 0
5337.891 86.840 0
5343.750 86.202 0
5349.609 85.916 0
5355.469 86.563 0
5361.328 86.797 0
5367.188 86.124 0
5373.047 86.129 0
5378.906 86.567 0
5384.766 86.551 0
5390.625 86.413 0
5396.484 85.450 0
5402.344 85.446 0
5408.203 86.520 0
5414.062 85.609 0
5419.922 85.745 0
5425.781 85.961 0
5431.641 85.600 0
5437.500 85.003 0
5443.359 85.292 0
5449.219 83.602 0
5455.078 84.881 0
5460.938 86.083 0
5466.797 84.299 0
5472.656 85.429 0
5478.516 84.580 0
5484.375 82.346 0
5490.234 84.475 0
5496.094 85.571 0
5501.953 85.574 0
5507.812 85.780 0
5513.672 85.473 0
5519.531 85.859 0
5525.391 85.943 0
5531.250 86.480 0
5537.109 85.373 0
5542.969 84.982 0
5548.828 85.477 0
5554.688 84.360 0
5560.547 84.329 0
5566.406 85.627 0
5572.266 85.207 0
5578.125 84.432 0
5583.984 84.390 0
5589.844 83.786 0
5595.703 84.299 0
5601.562 84.641 0
5607.422 84.690 0
5613.281 83.640 0
5619.141 84.234 0
5625.000 85.222 0
5630.859 84.872 0
5636.719 84.241 0
5642.578 82.920 0
5648.438 84.062 0
5654.297 84.826 0
5660.156 84.614 0
5666.016 83.507 0
5671.875 83.518 0
5677.734 83.802 0
5683.594 84.628 0
5689.453 83.743 0
5695.312 84.035 0
5701.172 84.115 0
5707.031 83.290 0
5712.891 84.988 0
5718.750 83.581 0
5724.609 84.030 0
5730.469 83.611 0
5736.328 83.697 0
5742.188 82.964 0
5748.047 83.374 0
5753.906 83.410 0
5759.766 83.584 0
5765.625 83.124 0
5771.484 83.507 0
5777.344 83.251 0
5783.203 82.343 0
5789.062 82.898 0
5794.922 84.189 0
5800.781 84.721 0
5806.641 83.528 0
5812.500 82.843 0
5818.359 82.392 0
5824.219 83.149 0
5830.078 82.906 0
5835.938 83.021 0
5841.797 83.748 0
5847.656 83.213 0
5853.516 81.184 0
5859.375 81.512 0
5865.234 83.025 0
5871.094 82.315 0
5876.953 81.481 0
5882.812 81.628 0
5888.672 81.152 0
5894.531 82.176 0
5900.391 82.331 0
5906.250 82.747 0
5912.109 82.235 0
5917.969 81.509 0
5923.828 82.202 0
5929.688 82.845 0
5935.547 82.432 0
5941.406 82.561 0
5947.266 83.289 0
5953.125 82.202 0
5958.984 80.619 0
5964.844 80.334 0
5970.703 80.719 0
5976.562 82.249 0
5982.422 81.868 0
5988.281 82.397 0
5994.141 82.109 0
6000.000 81.994 0
6005.859 80.984 0
6011.719 80.411 0
6017.578 80.493 0
6023.438 81.028 0
6029.297 81.187 0
6035.156 81.539 0
6041.016 80.991 0
6046.875 80.519 0
6052.734 81.419 0
6058.594 81.556 0
6064.453 79.885 0
6070.312 81.197 0
6076.172 80.280 0
6082.031 80.754 0
6087.891 80.597 0
6093.750 81.106 0
6099.609 80.572 0
6105.469 80.357 0
6111.328 80.950 0
6117.188 81.170 0
6123.047 78.981 0
6128.906 78.926 0
6134.766 79.353 0
6140.625 80.000 0
6146.484 80.763 0
6152.344 78.911 0
6158.203 80.104 0
6164.062 78.947 0
6169.922 78.990 0
6175.781 79.858 0
6181.641 80.414 0
6187.500 80.198 0
6193.359 81.202 0
6199.219 80.405 0
6205.078 79.778 0
6210.938 79.505 0
6216.797 80.343 0
6222.656 81.287 0
6228.516 79.791 0
6234.375 79.849 0
6240.234 79.742 0
6246.094 79.818 0
6251.953 78.447 0
6257.812 80.272 0
6263.672 80.147 0
6269.531 79.520 0
6275.391 79.191 0
6281.250 78.647 0
6287.109 78.527 0
6292.969 78.502 0
6298.828 80.095 0
6304.688 79.173 0
6310.547 77.589 0
6316.406 76.705 0
6322.266 78.430 0
6328.125 79.385 0
6333.984 78.296 0
6339.844 78.545 0
6345.703 79.050 0
6351.562 77.813 0
6357.422 77.590 0
6363.281 78.152 0
6369.141 78.106 0
6375.000 77.975 0
6380.859 78.446 0
6386.719 77.212 0
6392.578 78.720 0
6398.438 78.414 0
6404.297 78.746 0
6410.156 78.283 0
6416.016 78.009 0
6421.875 77.598 0
6427.734 77.334 0
6433.594 78.546 0
6439.453 78.096 0
6445.312 78.865 0
6451.172 78.189 0
6457.031 78.075 0
6462.891 79.207 0
6468.750 78.681 0
6474.609 76.493 0
6480.469 78.594 0
6486.328 79.224 0
6492.188 78.368 0
6498.047 78.867 0
6503.906 78.112 0
6509.766 77.728 0
6515.625 77.531 0
6521.484 78.329 0
6527.344 78.058 0
6533.203 78.651 0
6539.062 79.108 0
6544.922 77.976 0
6550.781 79.046 0
6556.641 77.718 0
6562.500 76.757 0
6568.359 78.211 0
6574.219 79.391 0
6580.078 78.028 0
6585.938 77.641 0
6591.797 77.993 0
6597.656 78.909 0
6603.516 77.153 0
6609.375 77.897 0
6615.234 77.920 0
6621.094 77.879 0
6626.953 78.064 0
6632.812 77.346 0
6638.672 77.879 0
6644.531 78.792 0
6650.391 79.338 0
6656.250 77.934 0
6662.109 77.440 0
6667.969 77.955 0
6673.828 79.352 0
6679.688 78.638 0
6685.547 78.410 0
6691.406 79.233 0
6697.266 78.583 0
6703.125 77.649 0
6708.984 77.591 0
6714.844 76.951 0
6720.703 77.867 0
6726.562 77.817 0
6732.422 78.690 0
6738.281 78.402 0
6744.141 77.148 0
6750.000 77.123 0
6755.859 76.526 0
6761.719 78.269 0
6767.578 78.855 0
6773.438 78.898 0
6779.297 78.858 0
6785.156 78.382 0
6791.016 77.798 0
6796.875 77.555 0
6802.734 77.320 0
6808.594 77.258 0
6814.453 78.514 0
6820.312 77.980 0
6826.172 77.335 0
6832.031 77.877 0
6837.891 77.982 0
6843.750 78.124 0
6849.609 77.900 0
6855.469 76.311 0
6861.328 77.783 0
6867.188 77.329 0
6873.047 77.400 0
6878.906 77.677 0
6884.766 78.182 0
6890.625 77.323 0
6896.484 77.476 0
6902.344 76.854 0
6908.203 76.433 0
6914.062 77.425 0
6919.922 77.526 0
6925.781 77.614 0
6931.641 79.397 0
6937.500 78.472 0
6943.359 77.895 0
6949.219 78.565 0
6955.078 78.209 0
6960.938 78.914 0
6966.797 78.272 0
6972.656 77.996 0
6978.516 79.127 0
6984.375 78.475 0
6990.234 78.584 0
6996.094 76.948 0
7001.953 77.221 0
7007.812 76.950 0
7013.672 75.547 0
7019.531 76.703 0
7025.391 77.609 0
7031.250 79.013 0
7037.109 79.026 0
7042.969 78.658 0
7048.828 78.180 0
7054.688 77.898 0
7060.547 79.126 0
7066.406 79.036 0
7072.266 77.728 0
7078.125 78.413 0
7083.984 79.108 0
7089.844 79.178 0
7095.703 77.619 0
7101.562 77.305 0
7107.422 78.043 0
7113.281 78.986 0
7119.141 78.181 0
7125.000 78.425 0
7130.859 78.478 0
7136.719 78.289 0
7142.578 77.729 0
7148.438 78.397 0
7154.297 78.704 0
7160.156 77.522 0
7166.016 78.034 0
7171.875 76.819 0
7177.734 76.629 0
7183.594 78.180 0
7189.453 78.499 0
7195.312 77.042 0
7201.172 77.115 0
7207.031 77.967 0
7212.891 78.199 0
7218.750 79.162 0
7224.609 78.472 0
7230.469 78.056 0
7236.328 77.440 0
7242.188 78.850 0
7248.047 78.337 0
7253.906 78.965 0
7259.766 79.671 0
7265.625 78.063 0
7271.484 78.235 0
7277.344 79.066 0
7283.203 78.219 0
7289.062 77.898 0
7294.922 78.336 0
7300.781 78.693 0
7306.641 78.211 0
7312.500 77.225 0
7318.359 76.822 0
7324.219 77.756 0
7330.078 78.767 0
7335.938 78.596 0
7341.797 77.837 0
7347.656 77.566 0
7353.516 77.399 0
7359.375 78.344 0
7365.234 78.900 0
7371.094 77.104 0
7376.953 77.580 0
7382.812 78.501 0
7388.672 79.384 0
7394.531 79.122 0
7400.391 78.133 0
7406.250 76.717 0
7412.109 77.094 0
7417.969 77.738 0
7423.828 78.794 0
7429.688 77.947 0
7435.547 77.732 0
7441.406 77.003 0
7447.266 78.899 0
7453.125 78.809 0
7458.984 77.328 0
7464.844 76.880 0
7470.703 77.367 0
7476.562 77.392 0
7482.422 77.424 0
7488.281 78.262 0
7494.141 78.856 0
7500.000 78.736 0
7505.859 78.075 0
7511.719 77.382 0
7517.578 78.134 0
7523.438 78.578 0
7529.297 78.634 0
7535.156 78.327 0
7541.016 77.059 0
7546.875 78.089 0
7552.734 77.963 0
7558.594 79.305 0
7564.453 79.263 0
7570.312 79.357 0
7576.172 78.022 0
7582.031 76.541 0
7587.891 76.845 0
7593.750 78.767 0
7599.609 79.034 0
7605.469 79.247 0
7611.328 78.837 0
7617.188 79.595 0
7623.047 78.569 0
7628.906 77.756 0
7634.766 78.374 0
7640.625 77.732 0
7646.484 77.770 0
7652.344 76.802 0
7658.203 77.298 0
7664.062 78.933 0
7669.922 79.449 0
7675.781 78.951 0
7681.641 79.846 0
7687.500 78.475 0
7693.359 78.603 0
7699.219 78.846 0
7705.078 77.190 0
7710.938 78.286 0
7716.797 77.454 0
7722.656 78.136 0
7728.516 80.461 0
7734.375 80.890 0
7740.234 80.237 0
7746.094 79.296 0
7751.953 79.448 0
7757.812 78.974 0
7763.672 77.706 0
7769.531 78.664 0
7775.391 79.839 0
7781.250 79.675 0
7787.109 77.302 0
7792.969 78.614 0
7798.828 78.317 0
7804.688 78.789 0
7810.547 79.032 0
7816.406 79.066 0
7822.266 78.512 0
7828.125 78.959 0
7833.984 81.057 0
7839.844 79.409 0
7845.703 78.255 0
7851.562 78.193 0
7857.422 77.944 0
7863.281 78.955 0
7869.141 79.568 0
7875.000 77.294 0
7880.859 78.349 0
7886.719 79.555 0
7892.578 78.886 0
7898.438 79.068 0
7904.297 77.944 0
7910.156 79.424 0
7916.016 80.360 0
7921.875 79.310 0
7927.734 78.221 0
7933.594 78.306 0
7939.453 78.640 0
7945.312 79.618 0
7951.172 79.602 0
7957.031 78.952 0
7962.891 78.602 0
7968.750 79.208 0
7974.609 80.426 0
7980.469 79.385 0
7986.328 79.406 0
7992.188 80.693 0
7998.047 79.495 0
8003.906 80.298 0
8009.766 79.111 0
8015.625 78.672 0
8021.484 79.852 0
8027.344 79.076 0
8033.203 80.090 0
8039.062 80.208 0
8044.922 80.381 0
8050.781 79.478 0
8056.641 79.565 0
8062.500 79.522 0
8068.359 79.412 0
8074.219 78.282 0
8080.078 78.336 0
8085.938 79.345 0
8091.797 79.216 0
8097.656 78.189 0
8103.516 78.031 0
8109.375 79.274 0
8115.234 78.688 0
8121.094 79.274 0
8126.953 78.489 0
8132.812 78.830 0
8138.672 79.590 0
8144.531 80.318 0
8150.391 80.601 0
8156.250 80.224 0
8162.109 79.903 0
8167.969 79.279 0
8173.828 78.827 0
8179.688 80.270 0
8185.547 79.666 0
8191.406 80.075 0
8197.266 81.110 0
8203.125 80.446 0
8208.984 78.682 0
8214.844 79.343 0
8220.703 79.801 0
8226.562 80.105 0
8232.422 80.462 0
8238.281 80.059 0
8244.141 80.086 0
8250.000 80.594 0
8255.859 80.584 0
8261.719 81.133 0
8267.578 79.751 0
8273.438 80.226 0
8279.297 81.298 0
8285.156 81.512 0
8291.016 80.290 0
8296.875 80.730 0
8302.734 79.637 0
8308.594 79.708 0
8314.453 79.842 0
8320.312 79.567 0
8326.172 78.684 0
8332.031 78.873 0
8337.891 79.887 0
8343.750 80.701 0
8349.609 80.810 0
8355.469 80.648 0
8361.328 80.039 0
8367.188 79.600 0
8373.047 80.913 0
8378.906 81.063 0
8384.766 81.391 0
8390.625 80.405 0
8396.484 79.349 0
8402.344 79.870 0
8408.203 80.552 0
8414.062 80.188 0
8419.922 80.521 0
8425.781 79.276 0
8431.641 80.595 0
8437.500 79.709 0
8443.359 79.459 0
8449.219 81.138 0
8455.078 81.345 0
8460.938 80.098 0
8466.797 80.988 0
8472.656 79.074 0
8478.516 79.563 0
8484.375 79.570 0
8490.234 80.379 0
8496.094 81.849 0
8501.953 81.155 0
8507.812 80.284 0
8513.672 80.301 0
8519.531 80.286 0
8525.391 80.031 0
8531.250 81.214 0
8537.109 81.297 0
8542.969 79.550 0
8548.828 79.391 0
8554.688 79.749 0
8560.547 81.163 0
8566.406 81.374 0
8572.266 80.432 0
8578.125 79.572 0
8583.984 79.248 0
8589.844 80.399 0
8595.703 81.403 0
8601.562 80.151 0
8607.422 80.879 0
8613.281 79.720 0
8619.141 79.193 0
8625.000 79.925 0
8630.859 80.157 0
8636.719 80.815 0
8642.578 78.904 0
8648.438 79.771 0
8654.297 81.047 0
8660.156 80.167 0
8666.016 81.079 0
8671.875 81.797 0
8677.734 80.433 0
8683.594 81.470 0
8689.453 82.791 0
8695.312 81.459 0
8701.172 80.077 0
8707.031 80.494 0
8712.891 80.532 0
8718.750 80.418 0
8724.609 80.712 0
8730.469 80.638 0
8736.328 81.062 0
8742.188 79.647 0
8748.047 79.528 0
8753.906 80.198 0
8759.766 80.737 0
8765.625 79.557 0
8771.484 80.361 0
8777.344 81.458 0
8783.203 82.142 0
8789.062 80.795 0
8794.922 81.039 0
8800.781 81.939 0
8806.641 81.443 0
8812.500 79.888 0
8818.359 80.268 0
8824.219 81.634 0
8830.078 80.717 0
8835.938 80.361 0
8841.797 81.488 0
8847.656 80.615 0
8853.516 81.230 0
8859.375 79.684 0
8865.234 80.845 0
8871.094 81.078 0
8876.953 80.944 0
8882.812 80.804 0
8888.672 81.115 0
8894.531 80.573 0
8900.391 81.724 0
8906.250 82.126 0
8912.109 80.580 0
8917.969 81.077 0
8923.828 81.335 0
8929.688 79.187 0
8935.547 79.409 0
8941.406 81.321 0
8947.266 82.230 0
8953.125 80.931 0
8958.984 80.813 0
8964.844 82.499 0
8970.703 81.664 0
8976.562 81.736 0
8982.422 82.763 0
8988.281 82.778 0
8994.141 82.212 0
9000.000 82.301 0
9005.859 81.438 0
9011.719 79.986 0
9017.578 81.422 0
9023.438 82.597 0
9029.297 81.260 0
9035.156 81.803 0
9041.016 81.502 0
9046.875 81.306 0
9052.734 81.031 0
9058.594 80.822 0
9064.453 81.964 0
9070.312 81.157 0
9076.172 80.841 0
9082.031 81.606 0
9087.891 81.399 0
9093.750 80.972 0
9099.609 81.442 0
9105.469 80.035 0
9111.328 80.714 0
9117.188 80.949 0
9123.047 81.154 0
9128.906 80.668 0
9134.766 79.731 0
9140.625 81.326 0
9146.484 80.913 0
9152.344 81.417 0
9158.203 81.623 0
9164.062 82.056 0
9169.922 81.996 0
9175.781 82.169 0
9181.641 81.131 0
9187.500 80.639 0
9193.359 80.380 0
9199.219 82.005 0
9205.078 81.589 0
9210.938 82.236 0
9216.797 82.381 0
9222.656 81.982 0
9228.516 81.080 0
9234.375 81.584 0
9240.234 80.351 0
9246.094 80.300 0
9251.953 81.391 0
9257.812 80.701 0
9263.672 81.257 0
9269.531 80.499 0
9275.391 81.103 0
9281.250 81.886 0
9287.109 81.860 0
9292.969 80.750 0
9298.828 81.152 0
9304.688 81.378 0
9310.547 81.303 0
9316.406 80.684 0
9322.266 80.924 0
9328.125 80.359 0
9333.984 79.636 0
9339.844 80.229 0
9345.703 80.018 0
9351.562 79.420 0
9357.422 80.273 0
9363.281 79.472 0
9369.141 80.783 0
9375.000 80.051 0
9380.859 79.714 0
9386.719 80.060 0
9392.578 79.671 0
9398.438 80.305 0
9404.297 78.522 0
9410.156 78.802 0
9416.016 80.281 0
9421.875 80.064 0
9427.734 79.218 0
9433.594 79.634 0
9439.453 80.244 0
9445.312 79.073 0
9451.172 79.168 0
9457.031 79.919 0
9462.891 79.172 0
9468.750 79.732 0
9474.609 80.704 0
9480.469 80.131 0
9486.328 78.499 0
9492.188 79.596 0
9498.047 80.498 0
9503.906 80.148 0
9509.766 79.552 0
9515.625 79.324 0
9521.484 79.098 0
9527.344 79.279 0
9533.203 78.328 0
9539.062 77.735 0
9544.922 78.722 0
9550.781 78.570 0
9556.641 78.347 0
9562.500 77.940 0
9568.359 78.868 0
9574.219 79.487 0
9580.078 78.731 0
9585.938 79.426 0
9591.797 79.639 0
9597.656 78.524 0
9603.516 78.205 0
9609.375 79.375 0
9615.234 79.789 0
9621.094 78.765 0
9626.953 77.722 0
9632.812 77.772 0
9638.672 78.625 0
9644.531 79.108 0
9650.391 78.488 0
9656.250 78.469 0
9662.109 78.912 0
9667.969 80.344 0
9673.828 78.521 0
9679.688 78.440 0
9685.547 78.549 0
9691.406 77.438 0
9697.266 76.705 0
9703.125 78.400 0
9708.984 76.932 0
9714.844 75.873 0
9720.703 77.566 0
9726.562 77.524 0
9732.422 76.938 0
9738.281 76.643 0
9744.141 77.898 0
9750.000 78.451 0
9755.859 78.090 0
9761.719 78.356 0
9767.578 78.524 0
9773.438 76.600 0
9779.297 75.447 0
9785.156 76.424 0
9791.016 77.764 0
9796.875 78.631 0
9802.734 78.123 0
9808.594 76.011 0
9814.453 76.885 0
9820.312 76.825 0
9826.172 77.762 0
9832.031 77.300 0
9837.891 76.944 0
9843.750 76.485 0
9849.609 76.774 0
9855.469 75.656 0
9861.328 76.312 0
9867.188 77.971 0
9873.047 77.375 0
9878.906 76.603 0
9884.766 76.962 0
9890.625 77.382 0
9896.484 77.770 0
9902.344 78.398 0
9908.203 77.406 0
9914.062 77.339 0
9919.922 75.820 0
9925.781 75.974 0
9931.641 74.863 0
9937.500 75.275 0
9943.359 75.932 0
9949.219 76.327 0
9955.078 77.285 0
9960.938 77.168 0
9966.797 76.110 0
9972.656 75.809 0
9978.516 74.601 0
9984.375 73.947 0
9990.234 76.290 0
9996.094 77.240 0
10001.953 76.662 0
10007.812 75.372 0
10013.672 76.858 0
10019.531 76.693 0
10025.391 76.018 0
10031.250 76.007 0
10037.109 75.375 0
10042.969 76.254 0
10048.828 76.080 0
10054.688 75.070 0
10060.547 74.275 0
10066.406 74.987 0
10072.266 74.980 0
10078.125 75.707 0
10083.984 75.358 0
10089.844 74.520 0
10095.703 76.041 0
10101.562 75.707 0
10107.422 74.971 0
10113.281 75.440 0
10119.141 75.588 0
10125.000 74.910 0
10130.859 74.847 0
10136.719 75.494 0
10142.578 74.827 0
10148.438 75.418 0
10154.297 74.700 0
10160.156 74.217 0
10166.016 74.261 0
10171.875 75.341 0
10177.734 76.172 0
10183.594 76.654 0
10189.453 76.882 0
10195.312 75.373 0
10201.172 75.392 0
10207.031 74.781 0
10212.891 73.700 0
10218.750 74.199 0
10224.609 74.336 0
10230.469 74.882 0
10236.328 75.552 0
10242.188 74.093 0
10248.047 74.662 0
10253.906 74.797 0
10259.766 73.568 0
10265.625 73.822 0
10271.484 74.835 0
10277.344 74.206 0
10283.203 73.463 0
10289.062 74.478 0
10294.922 74.581 0
10300.781 75.304 0
10306.641 75.421 0
10312.500 74.947 0
10318.359 74.979 0
10324.219 74.730 0
10330.078 73.640 0
10335.938 74.020 0
10341.797 75.175 0
10347.656 74.677 0
10353.516 73.231 0
10359.375 73.291 0
10365.234 73.956 0
10371.094 74.519 0
10376.953 75.355 0
10382.812 74.052 0
10388.672 74.209 0
10394.531 74.246 0
10400.391 74.852 0
10406.250 74.054 0
10412.109 73.624 0
10417.969 73.090 0
10423.828 73.507 0
10429.688 74.436 0
10435.547 73.642 0
10441.406 73.225 0
10447.266 73.791 0
10453.125 74.095 0
10458.984 74.120 0
10464.844 74.309 0
10470.703 72.995 0
10476.562 72.483 0
10482.422 74.280 0
10488.281 72.924 0
10494.141 71.390 0
10500.000 74.000 0
10505.859 73.280 0
10511.719 72.552 0
10517.578 72.523 0
10523.438 72.596 0
10529.297 72.273 0
10535.156 71.956 0
10541.016 72.613 0
10546.875 74.181 0
10552.734 73.339 0
10558.594 72.442 0
10564.453 73.037 0
10570.312 73.641 0
10576.172 74.289 0
10582.031 72.097 0
10587.891 73.285 0
10593.750 72.370 0
10599.609 73.342 0
10605.469 73.821 0
10611.328 73.240 0
10617.188 73.192 0
10623.047 73.304 0
10628.906 74.417 0
10634.766 74.767 0
10640.625 74.146 0
10646.484 72.937 0
10652.344 72.853 0
10658.203 73.013 0
10664.062 71.912 0
10669.922 70.689 0
10675.781 71.629 0
10681.641 72.316 0
10687.500 70.966 0
10693.359 72.005 0
10699.219 72.607 0
10705.078 72.634 0
10710.938 71.746 0
10716.797 71.889 0
10722.656 73.265 0
10728.516 72.461 0
10734.375 70.891 0
10740.234 72.113 0
10746.094 72.793 0
10751.953 72.806 0
10757.812 72.890 0
10763.672 72.611 0
10769.531 72.750 0
10775.391 72.022 0
10781.250 73.618 0
10787.109 73.130 0
10792.969 71.424 0
10798.828 72.825 0
10804.688 72.776 0
10810.547 73.111 0
10816.406 73.763 0
10822.266 73.513 0
10828.125 72.394 0
10833.984 71.999 0
10839.844 72.765 0
10845.703 72.549 0
10851.562 71.064 0
10857.422 72.325 0
10863.281 72.429 0
10869.141 71.844 0
10875.000 71.932 0
10880.859 72.832 0
10886.719 71.687 0
10892.578 71.683 0
10898.438 70.946 0
10904.297 70.539 0
10910.156 69.951 0
10916.016 71.353 0
10921.875 72.266 0
10927.734 71.130 0
10933.594 71.484 0
10939.453 71.421 0
10945.312 72.784 0
10951.172 72.730 0
10957.031 71.003 0
10962.891 71.067 0
10968.750 71.165 0
10974.609 71.779 0
10980.469 71.816 0
10986.328 72.260 0
10992.188 71.930 0
10998.047 71.252 0
11003.906 71.131 0
11009.766 70.946 0
11015.625 71.481 0
11021.484 71.661 0
11027.344 71.867 0
11033.203 71.246 0
11039.062 71.755 0
11044.922 71.654 0
11050.781 71.127 0
11056.641 72.451 0
11062.500 72.138 0
11068.359 70.472 0
11074.219 72.152 0
11080.078 71.782 0
11085.938 69.614 0
11091.797 70.742 0
11097.656 72.511 0
11103.516 70.739 0
11109.375 69.694 0
11115.234 71.229 0
11121.094 71.334 0
11126.953 70.884 0
11132.812 68.686 0
11138.672 69.804 0
11144.531 70.951 0
11150.391 70.520 0
11156.250 71.295 0
11162.109 70.855 0
11167.969 69.525 0
11173.828 70.736 0
11179.688 71.365 0
11185.547 72.074 0
11191.406 71.837 0
11197.266 71.702 0
11203.125 72.875 0
11208.984 71.474 0
11214.844 71.877 0
11220.703 71.502 0
11226.562 71.026 0
11232.422 70.701 0
11238.281 70.592 0
11244.141 70.885 0
11250.000 70.850 0
11255.859 71.515 0
11261.719 70.429 0
11267.578 71.096 0
11273.438 69.800 0
11279.297 71.519 0
11285.156 70.803 0
11291.016 70.592 0
11296.875 70.003 0
11302.734 70.095 0
11308.594 71.099 0
11314.453 71.184 0
11320.312 69.921 0
11326.172 69.942 0
11332.031 71.643 0
11337.891 71.435 0
11343.750 70.555 0
11349.609 71.012 0
11355.469 70.237 0
11361.328 69.389 0
11367.188 69.770 0
11373.047 71.502 0
11378.906 71.776 0
11384.766 70.576 0
11390.625 71.419 0
11396.484 71.577 0
11402.344 70.618 0
11408.203 70.963 0
11414.062 70.457 0
11419.922 70.900 0
11425.781 71.576 0
11431.641 71.795 0
11437.500 70.767 0
11443.359 71.922 0
11449.219 71.417 0
11455.078 69.439 0
11460.938 69.582 0
11466.797 70.357 0
11472.656 70.924 0
11478.516 71.384 0
11484.375 71.482 0
11490.234 71.245 0
11496.094 70.821 0
11501.953 71.688 0
11507.812 72.065 0
11513.672 71.919 0
11519.531 71.720 0
11525.391 72.294 0
11531.250 72.063 0
11537.109 71.602 0
11542.969 72.457 0
11548.828 72.262 0
11554.688 71.908 0
11560.547 71.957 0
11566.406 71.249 0
11572.266 71.004 0
11578.125 71.403 0
11583.984 71.180 0
11589.844 72.070 0
11595.703 71.008 0
11601.562 70.340 0
11607.422 70.589 0
11613.281 70.574 0
11619.141 71.704 0
11625.000 71.372 0
11630.859 71.178 0
11636.719 72.058 0
11642.578 72.507 0
11648.438 72.275 0
11654.297 72.209 0
11660.156 72.297 0
11666.016 72.155 0
11671.875 72.350 0
11677.734 72.417 0
11683.594 72.275 0
11689.453 71.660 0
11695.312 71.481 0
11701.172 71.910 0
11707.031 71.795 0
11712.891 71.569 0
11718.750 72.705 0
11724.609 71.516 0
11730.469 70.424 0
11736.328 70.633 0
11742.188 71.572 0
11748.047 72.316 0
11753.906 70.679 0
11759.766 72.328 0
11765.625 72.004 0
11771.484 71.800 0
11777.344 73.109 0
11783.203 72.834 0
11789.062 72.419 0
11794.922 72.299 0
11800.781 71.839 0
11806.641 73.504 0
11812.500 72.668 0
11818.359 73.014 0
11824.219 71.982 0
11830.078 71.909 0
11835.938 72.450 0
11841.797 73.747 0
11847.656 72.426 0
11853.516 70.937 0
11859.375 71.735 0
11865.234 72.413 0
11871.094 72.235 0
11876.953 70.755 0
11882.812 71.919 0
11888.672 71.307 0
11894.531 71.062 0
11900.391 74.416 0
11906.250 73.726 0
11912.109 72.559 0
11917.969 72.401 0
11923.828 72.013 0
11929.688 72.610 0
11935.547 72.778 0
11941.406 72.895 0
11947.266 71.258 0
11953.125 71.546 0
11958.984 72.503 0
11964.844 72.220 0
11970.703 72.763 0
11976.562 72.575 0
11982.422 73.795 0
11988.281 74.047 0
11994.141 72.615 0
12000.000 72.313 0
12005.859 72.376 0
12011.719 71.947 0
12017.578 73.129 0
12023.438 73.677 0
12029.297 72.123 0
12035.156 73.308 0
12041.016 73.621 0
12046.875 74.183 0
12052.734 72.502 0
12058.594 72.046 0
12064.453 72.601 0
12070.312 73.728 0
12076.172 73.924 0
12082.031 72.932 0
12087.891 72.926 0
12093.750 74.104 0
12099.609 73.539 0
12105.469 72.766 0
12111.328 73.074 0
12117.188 74.156 0
12123.047 74.337 0
12128.906 74.904 0
12134.766 71.843 0
12140.625 72.984 0
12146.484 73.436 0
12152.344 70.828 0
12158.203 72.057 0
12164.062 72.353 0
12169.922 71.899 0
12175.781 72.197 0
12181.641 73.073 0
12187.500 72.656 0
12193.359 72.260 0
12199.219 72.806 0
12205.078 72.961 0
12210.938 72.737 0
12216.797 72.419 0
12222.656 73.315 0
12228.516 73.383 0
12234.375 73.926 0
12240.234 73.297 0
12246.094 72.271 0
12251.953 71.454 0
12257.812 72.054 0
12263.672 73.354 0
12269.531 73.681 0
12275.391 73.961 0
12281.250 73.343 0
12287.109 72.788 0
12292.969 72.342 0
12298.828 72.923 0
12304.688 73.543 0
12310.547 73.646 0
12316.406 73.490 0
12322.266 73.451 0
12328.125 73.573 0
12333.984 72.806 0
12339.844 72.740 0
12345.703 73.098 0
12351.562 73.437 0
12357.422 72.226 0
12363.281 72.907 0
12369.141 74.295 0
12375.000 73.060 0
12380.859 73.771 0
12386.719 73.013 0
12392.578 72.365 0
12398.438 73.778 0
12404.297 73.665 0
12410.156 72.851 0
12416.016 72.356 0
12421.875 73.279 0
12427.734 72.642 0
12433.594 73.422 0
12439.453 73.804 0
12445.312 73.661 0
12451.172 73.664 0
12457.031 72.362 0
12462.891 72.328 0
12468.750 71.969 0
12474.609 73.173 0
12480.469 73.559 0
12486.328 73.182 0
12492.188 72.751 0
12498.047 72.462 0
12503.906 72.608 0
12509.766 71.804 0
12515.625 72.637 0
12521.484 74.065 0
12527.344 73.184 0
12533.203 73.434 0
12539.062 72.935 0
12544.922 71.220 0
12550.781 71.783 0
12556.641 73.442 0
12562.500 74.027 0
12568.359 73.999 0
12574.219 73.982 0
12580.078 73.053 0
12585.938 72.801 0
12591.797 72.790 0
12597.656 72.974 0
12603.516 72.539 0
12609.375 71.546 0
12615.234 73.010 0
12621.094 73.009 0
12626.953 71.963 0
12632.812 72.565 0
12638.672 72.559 0
12644.531 72.859 0
12650.391 73.613 0
12656.250 73.041 0
12662.109 72.826 0
12667.969 74.077 0
12673.828 73.941 0
12679.688 72.009 0
12685.547 72.454 0
12691.406 72.630 0
12697.266 72.680 0
12703.125 73.352 0
12708.984 74.337 0
12714.844 73.282 0
12720.703 71.802 0
12726.562 72.182 0
12732.422 73.144 0
12738.281 73.130 0
12744.141 73.730 0
12750.000 71.773 0
12755.859 70.761 0
12761.719 72.547 0
12767.578 72.013 0
12773.438 72.231 0
12779.297 72.052 0
12785.156 73.799 0
12791.016 73.499 0
12796.875 73.198 0
12802.734 72.717 0
12808.594 72.487 0
12814.453 73.845 0
12820.312 73.671 0
12826.172 73.269 0
12832.031 72.477 0
12837.891 71.597 0
12843.750 71.085 0
12849.609 71.037 0
12855.469 70.792 0
12861.328 72.782 0
12867.188 72.079 0
12873.047 72.784 0
12878.906 73.676 0
12884.766 73.232 0
12890.625 70.971 0
12896.484 71.528 0
12902.344 71.966 0
12908.203 70.193 0
12914.062 71.371 0
12919.922 72.344 0
12925.781 71.995 0
12931.641 71.440 0
12937.500 72.975 0
12943.359 73.221 0
12949.219 72.355 0
12955.078 71.002 0
12960.938 72.031 0
12966.797 71.529 0
12972.656 71.572 0
12978.516 71.642 0
12984.375 71.098 0
12990.234 70.220 0
12996.094 71.228 0
13001.953 72.269 0
13007.812 71.683 0
13013.672 70.631 0
13019.531 69.993 0
13025.391 72.334 0
13031.250 71.644 0
13037.109 71.455 0
13042.969 71.180 0
13048.828 70.913 0
13054.688 70.486 0
13060.547 70.763 0
13066.406 70.332 0
13072.266 70.043 0
13078.125 69.637 0
13083.984 70.940 0
13089.844 70.575 0
13095.703 72.154 0
13101.562 71.719 0
13107.422 71.209 0
13113.281 72.281 0
13119.141 70.930 0
13125.000 71.617 0
13130.859 70.422 0
13136.719 70.168 0
13142.578 70.074 0
13148.438 71.846 0
13154.297 72.014 0
13160.156 71.674 0
13166.016 71.234 0
13171.875 69.904 0
13177.734 70.646 0
13183.594 70.574 0
13189.453 70.654 0
13195.312 69.548 0
13201.172 69.999 0
13207.031 71.936 0
13212.891 71.666 0
13218.750 69.687 0
13224.609 70.187 0
13230.469 70.028 0
13236.328 69.486 0
13242.188 70.785 0
13248.047 71.469 0
13253.906 71.885 0
13259.766 71.640 0
13265.625 71.097 0
13271.484 69.343 0
13277.344 71.156 0
13283.203 70.076 0
13289.062 70.948 0
13294.922 72.213 0
13300.781 70.233 0
13306.641 68.067 0
13312.500 69.193 0
13318.359 69.047 0
13324.219 69.986 0
13330.078 70.836 0
13335.938 70.014 0
13341.797 69.809 0
13347.656 69.121 0
13353.516 69.503 0
13359.375 70.651 0
13365.234 70.728 0
13371.094 69.843 0
13376.953 69.597 0
13382.812 68.957 0
13388.672 69.422 0
13394.531 69.825 0
13400.391 71.160 0
13406.250 71.607 0
13412.109 70.288 0
13417.969 69.043 0
13423.828 68.721 0
13429.688 69.040 0
13435.547 68.834 0
13441.406 69.911 0
13447.266 69.605 0
13453.125 67.565 0
13458.984 67.796 0
13464.844 67.839 0
13470.703 68.286 0
13476.562 68.345 0
13482.422 68.192 0
13488.281 68.459 0
13494.141 68.770 0
13500.000 69.170 0
13505.859 68.797 0
13511.719 67.958 0
13517.578 67.443 0
13523.438 68.085 0
13529.297 69.040 0
13535.156 68.334 0
13541.016 68.482 0
13546.875 68.771 0
13552.734 67.877 0
13558.594 66.859 0
13564.453 66.268 0
13570.312 68.572 0
13576.172 68.848 0
13582.031 67.495 0
13587.891 67.854 0
13593.750 69.547 0
13599.609 70.165 0
13605.469 70.391 0
13611.328 69.500 0
13617.188 68.516 0
13623.047 67.148 0
13628.906 67.160 0
13634.766 68.001 0
13640.625 68.319 0
13646.484 68.285 0
13652.344 67.531 0
13658.203 67.614 0
13664.062 69.248 0
13669.922 68.553 0
13675.781 68.228 0
13681.641 67.669 0
13687.500 68.135 0
13693.359 68.504 0
13699.219 68.826 0
13705.078 69.401 0
13710.938 68.336 0
13716.797 67.823 0
13722.656 67.673 0
13728.516 67.466 0
13734.375 67.888 0
13740.234 67.515 0
13746.094 67.149 0
13751.953 67.836 0
13757.812 67.987 0
13763.672 67.909 0
13769.531 67.281 0
13775.391 66.507 0
13781.250 65.528 0
13787.109 67.625 0
13792.969 68.292 0
13798.828 66.827 0
13804.688 67.505 0
13810.547 68.423 0
13816.406 68.394 0
13822.266 67.283 0
13828.125 66.297 0
13833.984 66.397 0
13839.844 66.918 0
13845.703 67.418 0
13851.562 66.787 0
13857.422 66.727 0
13863.281 67.396 0
13869.141 65.894 0
13875.000 65.546 0
13880.859 67.200 0
13886.719 67.089 0
13892.578 66.646 0
13898.438 66.259 0
13904.297 67.250 0
13910.156 67.305 0
13916.016 67.197 0
13921.875 66.778 0
13927.734 66.486 0
13933.594 66.666 0
13939.453 67.642 0
13945.312 67.175 0
13951.172 67.086 0
13957.031 68.057 0
13962.891 65.443 0
13968.750 65.400 0
13974.609 67.084 0
13980.469 66.603 0
13986.328 67.644 0
13992.188 68.154 0
13998.047 66.696 0
14003.906 65.161 0
14009.766 66.437 0
14015.625 67.946 0
14021.484 67.623 0
14027.344 66.929 0
14033.203 66.779 0
14039.062 67.338 0
14044.922 67.360 0
14050.781 66.373 0
14056.641 66.779 0
14062.500 66.620 0
14068.359 66.266 0
14074.219 67.416 0
14080.078 68.130 0
14085.938 67.585 0
14091.797 66.364 0
14097.656 65.468 0
14103.516 65.521 0
14109.375 66.559 0
14115.234 66.373 0
14121.094 65.991 0
14126.953 66.671 0
14132.812 66.874 0
14138.672 66.283 0
14144.531 67.105 0
14150.391 67.868 0
14156.250 67.224 0
14162.109 66.599 0
14167.969 65.258 0
14173.828 64.151 0
14179.688 65.872 0
14185.547 66.333 0
14191.406 67.336 0
14197.266 67.329 0
14203.125 65.619 0
14208.984 65.332 0
14214.844 65.549 0
14220.703 65.803 0
14226.562 67.005 0
14232.422 67.598 0
14238.281 67.377 0
14244.141 67.281 0
14250.000 66.944 0
14255.859 67.350 0
14261.719 67.813 0
14267.578 66.901 0
14273.438 66.867 0
14279.297 65.818 0
14285.156 65.008 0
14291.016 66.250 0
14296.875 67.126 0
14302.734 65.691 0
14308.594 66.349 0
14314.453 65.659 0
14320.312 66.739 0
14326.172 67.240 0
14332.031 66.577 0
14337.891 65.382 0
14343.750 66.111 0
14349.609 67.218 0
14355.469 67.036 0
14361.328 66.980 0
14367.188 66.095 0
14373.047 67.528 0
14378.906 67.036 0
14384.766 66.687 0
14390.625 66.316 0
14396.484 66.862 0
14402.344 66.167 0
14408.203 65.546 0
14414.062 64.616 0
14419.922 65.247 0
14425.781 66.883 0
14431.641 67.148 0
14437.500 67.908 0
14443.359 65.937 0
14449.219 65.169 0
14455.078 65.444 0
14460.938 66.474 0
14466.797 67.719 0
14472.656 66.574 0
14478.516 64.548 0
14484.375 66.052 0
14490.234 67.358 0
14496.094 67.580 0
14501.953 66.182 0
14507.812 65.082 0
14513.672 65.075 0
14519.531 65.686 0
14525.391 66.832 0
14531.250 66.689 0
14537.109 67.049 0
14542.969 67.331 0
14548.828 66.198 0
14554.688 65.429 0
14560.547 65.457 0
14566.406 64.554 0
14572.266 66.508 0
14578.125 66.182 0
14583.984 65.387 0
14589.844 65.406 0
14595.703 66.928 0
14601.562 67.028 0
14607.422 65.821 0
14613.281 64.947 0
14619.141 64.367 0
14625.000 65.907 0
14630.859 64.803 0
14636.719 65.864 0
14642.578 65.527 0
14648.438 66.582 0
14654.297 66.036 0
14660.156 64.634 0
14666.016 65.179 0
14671.875 65.160 0
14677.734 65.969 0
14683.594 66.307 0
14689.453 65.298 0
14695.312 63.340 0
14701.172 64.962 0
14707.031 65.494 0
14712.891 66.670 0
14718.750 65.512 0
14724.609 66.412 0
14730.469 65.676 0
14736.328 65.518 0
14742.188 65.542 0
14748.047 65.484 0
14753.906 65.766 0
14759.766 65.308 0
14765.625 64.589 0
14771.484 65.035 0
14777.344 64.322 0
14783.203 64.817 0
14789.062 65.801 0
14794.922 65.436 0
14800.781 64.904 0
14806.641 65.815 0
14812.500 65.157 0
14818.359 65.636 0
14824.219 66.216 0
14830.078 65.796 0
14835.938 64.883 0
14841.797 65.058 0
14847.656 64.397 0
14853.516 64.166 0
14859.375 66.064 0
14865.234 65.887 0
14871.094 65.415 0
14876.953 65.381 0
14882.812 65.271 0
14888.672 65.397 0
14894.531 65.440 0
14900.391 65.950 0
14906.250 65.967 0
14912.109 64.520 0
14917.969 65.704 0
14923.828 66.495 0
14929.688 65.470 0
14935.547 64.507 0
14941.406 64.345 0
14947.266 64.419 0
14953.125 65.986 0
14958.984 65.538 0
14964.844 64.373 0
14970.703 64.473 0
14976.562 64.950 0
14982.422 64.217 0
14988.281 64.674 0
14994.141 64.245 0
15000.000 64.730 0
15005.859 64.604 0
15011.719 65.874 0
15017.578 65.590 0
15023.438 64.981 0
15029.297 65.241 0
15035.156 65.984 0
15041.016 64.614 0
15046.875 65.413 0
15052.734 66.111 0
15058.594 66.020 0
15064.453 65.971 0
15070.312 65.604 0
15076.172 63.438 0
15082.031 65.655 0
15087.891 66.602 0
15093.750 66.420 0
15099.609 63.897 0
15105.469 63.075 0
15111.328 64.772 0
15117.188 65.739 0
15123.047 65.806 0
15128.906 66.379 0
15134.766 64.992 0
15140.625 64.167 0
15146.484 64.559 0
15152.344 63.427 0
15158.203 64.381 0
15164.062 64.262 0
15169.922 65.374 0
15175.781 64.952 0
15181.641 65.284 0
15187.500 64.332 0
15193.359 64.878 0
15199.219 63.448 0
15205.078 63.895 0
15210.938 65.117 0
15216.797 65.867 0
15222.656 65.128 0
15228.516 65.235 0
15234.375 64.557 0
15240.234 64.893 0
15246.094 64.935 0
15251.953 65.470 0
15257.812 65.607 0
15263.672 65.397 0
15269.531 65.600 0
15275.391 63.709 0
15281.250 64.531 0
15287.109 64.402 0
15292.969 63.945 0
15298.828 64.779 0
15304.688 64.607 0
15310.547 64.811 0
15316.406 64.417 0
15322.266 64.458 0
15328.125 64.686 0
15333.984 64.490 0
15339.844 63.143 0
15345.703 64.202 0
15351.562 64.560 0
15357.422 63.240 0
15363.281 64.364 0
15369.141 64.436 0
15375.000 65.402 0
15380.859 64.891 0
15386.719 63.165 0
15392.578 63.723 0
15398.438 64.803 0
15404.297 64.092 0
15410.156 63.320 0
15416.016 63.644 0
15421.875 64.288 0
15427.734 65.117 0
15433.594 64.722 0
15439.453 64.650 0
15445.312 63.707 0
15451.172 64.254 0
15457.031 65.906 0
15462.891 65.094 0
15468.750 64.082 0
15474.609 61.806 0
15480.469 63.552 0
15486.328 63.577 0
15492.188 64.483 0
15498.047 65.924 0
15503.906 63.271 0
15509.766 64.788 0
15515.625 65.206 0
15521.484 62.957 0
15527.344 64.364 0
15533.203 63.974 0
15539.062 63.461 0
15544.922 64.273 0
15550.781 64.844 0
15556.641 63.063 0
15562.500 63.465 0
15568.359 64.549 0
15574.219 64.130 0
15580.078 64.214 0
15585.938 64.942 0
15591.797 64.751 0
15597.656 64.023 0
15603.516 63.164 0
15609.375 63.946 0
15615.234 64.103 0
15621.094 63.833 0
15626.953 64.348 0
15632.812 65.245 0
15638.672 64.393 0
15644.531 64.042 0
15650.391 64.331 0
15656.250 63.801 0
15662.109 63.326 0
15667.969 63.507 0
15673.828 63.579 0
15679.688 63.682 0
15685.547 63.870 0
15691.406 65.111 0
15697.266 64.818 0
15703.125 64.776 0
15708.984 64.517 0
15714.844 63.437 0
15720.703 62.692 0
15726.562 64.235 0
15732.422 64.814 0
15738.281 64.185 0
15744.141 63.919 0
15750.000 63.178 0
15755.859 64.116 0
15761.719 65.003 0
15767.578 65.011 0
15773.438 63.816 0
15779.297 65.322 0
15785.156 64.204 0
15791.016 61.955 0
15796.875 62.736 0
15802.734 63.973 0
15808.594 64.720 0
15814.453 65.703 0
15820.312 64.684 0
15826.172 63.852 0
15832.031 63.745 0
15837.891 64.491 0
15843.750 63.632 0
15849.609 65.359 0
15855.469 65.558 0
15861.328 65.016 0
15867.188 64.410 0
15873.047 64.154 0
15878.906 64.869 0
15884.766 63.243 0
15890.625 64.016 0
15896.484 64.116 0
15902.344 65.157 0
15908.203 66.249 0
15914.062 65.841 0
15919.922 65.467 0
15925.781 64.673 0
15931.641 65.051 0
15937.500 65.421 0
15943.359 64.379 0
15949.219 63.629 0
15955.078 64.182 0
15960.938 63.668 0
15966.797 63.320 0
15972.656 63.548 0
15978.516 63.956 0
15984.375 63.751 0
15990.234 63.994 0
15996.094 64.290 0
16001.953 64.658 0
16007.812 63.772 0
16013.672 63.851 0
16019.531 64.397 0
16025.391 64.705 0
16031.250 64.523 0
16037.109 62.921 0
16042.969 63.348 0
16048.828 63.299 0
16054.688 62.877 0
16060.547 64.248 0
16066.406 65.137 0
16072.266 65.195 0
16078.125 64.729 0
16083.984 64.547 0
16089.844 64.136 0
16095.703 64.055 0
16101.562 63.494 0
16107.422 64.068 0
16113.281 65.741 0
16119.141 65.144 0
16125.000 63.502 0
16130.859 63.789 0
16136.719 64.469 0
16142.578 64.273 0
16148.438 63.987 0
16154.297 63.608 0
16160.156 62.814 0
16166.016 63.957 0
16171.875 63.559 0
16177.734 62.363 0
16183.594 64.132 0
16189.453 64.014 0
16195.312 64.406 0
16201.172 63.678 0
16207.031 61.715 0
16212.891 62.405 0
16218.750 62.882 0
16224.609 62.869 0
16230.469 64.511 0
16236.328 63.786 0
16242.188 63.563 0
16248.047 64.964 0
16253.906 63.121 0
16259.766 63.262 0
16265.625 63.840 0
16271.484 63.283 0
16277.344 62.947 0
16283.203 63.405 0
16289.062 62.707 0
16294.922 62.366 0
16300.781 64.187 0
16306.641 64.850 0
16312.500 62.889 0
16318.359 63.230 0
16324.219 63.399 0
16330.078 62.980 0
16335.938 62.563 0
16341.797 62.613 0
16347.656 63.077 0
16353.516 62.258 0
16359.375 63.861 0
16365.234 64.230 0
16371.094 63.069 0
16376.953 62.331 0
16382.812 62.800 0
16388.672 61.967 0
16394.531 63.014 0
16400.391 63.280 0
16406.250 62.906 0
16412.109 62.038 0
16417.969 62.074 0
16423.828 63.220 0
16429.688 61.607 0
16435.547 62.753 0
16441.406 62.823 0
16447.266 61.756 0
16453.125 60.705 0
16458.984 61.786 0
16464.844 61.748 0
16470.703 62.619 0
16476.562 63.823 0
16482.422 62.775 0
16488.281 63.141 0
16494.141 63.279 0
16500.000 62.522 0
16505.859 61.789 0
16511.719 61.636 0
16517.578 62.101 0
16523.438 62.604 0
16529.297 63.813 0
16535.156 62.847 0
16541.016 62.168 0
16546.875 62.884 0
16552.734 63.827 0
16558.594 63.628 0
16564.453 62.379 0
16570.312 61.458 0
16576.172 59.932 0
16582.031 62.435 0
16587.891 62.196 0
16593.750 62.500 0
16599.609 63.052 0
16605.469 63.195 0
16611.328 62.381 0
16617.188 61.865 0
16623.047 62.392 0
16628.906 60.904 0
16634.766 61.061 0
16640.625 60.899 0
16646.484 61.828 0
16652.344 61.793 0
16658.203 61.091 0
16664.062 60.797 0
16669.922 60.746 0
16675.781 60.831 0
16681.641 61.573 0
16687.500 60.036 0
16693.359 61.174 0
16699.219 61.914 0
16705.078 61.003 0
16710.938 61.160 0
16716.797 61.729 0
16722.656 61.097 0
16728.516 60.031 0
16734.375 61.808 0
16740.234 61.237 0
16746.094 61.854 0
16751.953 61.667 0
16757.812 59.554 0
16763.672 61.196 0
16769.531 61.929 0
16775.391 60.629 0
16781.250 58.596 0
16787.109 59.366 0
16792.969 60.237 0
16798.828 60.633 0
16804.688 60.906 0
16810.547 60.925 0
16816.406 61.359 0
16822.266 60.904 0
16828.125 59.733 0
16833.984 60.503 0
16839.844 60.703 0
16845.703 59.305 0
16851.562 60.087 0
16857.422 60.183 0
16863.281 60.250 0
16869.141 59.648 0
16875.000 58.410 0
16880.859 57.919 0
16886.719 59.165 0
16892.578 59.494 0
16898.438 60.172 0
16904.297 59.722 0
16910.156 59.541 0
16916.016 59.522 0
16921.875 58.219 0
16927.734 58.232 0
16933.594 59.528 0
16939.453 58.525 0
16945.312 58.435 0
16951.172 59.351 0
16957.031 60.122 0
16962.891 59.897 0
16968.750 59.034 0
16974.609 60.219 0
16980.469 59.687 0
16986.328 58.051 0
16992.188 58.319 0
16998.047 58.914 0
17003.906 58.706 0
17009.766 58.982 0
17015.625 58.506 0
17021.484 56.330 0
17027.344 57.508 0
17033.203 57.144 0
17039.062 58.370 0
17044.922 57.451 0
17050.781 58.796 0
17056.641 58.868 0
17062.500 57.618 0
17068.359 57.737 0
17074.219 57.207 0
17080.078 57.561 0
17085.938 56.407 0
17091.797 56.172 0
17097.656 55.917 0
17103.516 57.265 0
17109.375 57.650 0
17115.234 57.019 0
17121.094 56.087 0
17126.953 56.648 0
17132.812 56.607 0
17138.672 56.488 0
17144.531 56.979 0
17150.391 56.101 0
17156.250 55.941 0
17162.109 54.907 0
17167.969 55.856 0
17173.828 56.982 0
17179.688 55.923 0
17185.547 56.218 0
17191.406 56.101 0
17197.266 57.488 0
17203.125 57.557 0
17208.984 55.929 0
17214.844 54.832 0
17220.703 55.930 0
17226.562 56.341 0
17232.422 55.224 0
17238.281 55.469 0
17244.141 55.170 0
17250.000 54.765 0
17255.859 56.777 0
17261.719 55.641 0
17267.578 55.696 0
17273.438 54.484 0
17279.297 55.056 0
17285.156 55.798 0
17291.016 55.477 0
17296.875 54.281 0
17302.734 55.688 0
17308.594 55.699 0
17314.453 54.931 0
17320.312 53.751 0
17326.172 54.908 0
17332.031 55.132 0
17337.891 54.066 0
17343.750 54.658 0
17349.609 54.288 0
17355.469 54.151 0
17361.328 54.207 0
17367.188 54.771 0
17373.047 54.360 0
17378.906 54.001 0
17384.766 53.810 0
17390.625 54.620 0
17396.484 54.608 0
17402.344 52.439 0
17408.203 53.778 0
17414.062 53.820 0
17419.922 53.584 0
17425.781 53.944 0
17431.641 53.668 0
17437.500 51.871 0
17443.359 53.737 0
17449.219 54.244 0
17455.078 54.085 0
17460.938 54.213 0
17466.797 53.904 0
17472.656 53.472 0
17478.516 52.601 0
17484.375 52.577 0
17490.234 52.083 0
17496.094 52.208 0
17501.953 54.610 0
17507.812 53.369 0
17513.672 53.563 0
17519.531 53.344 0
17525.391 52.700 0
17531.250 53.677 0
17537.109 52.545 0
17542.969 51.750 0
17548.828 52.154 0
17554.688 52.393 0
17560.547 51.396 0
17566.406 51.317 0
17572.266 52.449 0
17578.125 51.710 0
17583.984 51.394 0
17589.844 53.131 0
17595.703 52.706 0
17601.562 51.635 0
17607.422 52.214 0
17613.281 51.991 0
17619.141 50.775 0
17625.000 52.434 0
17630.859 53.137 0
17636.719 51.141 0
17642.578 52.670 0
17648.438 51.695 0
17654.297 52.524 0
17660.156 51.906 0
17666.016 51.806 0
17671.875 51.965 0
17677.734 52.891 0
17683.594 52.035 0
17689.453 52.844 0
17695.312 53.218 0
17701.172 52.778 0
17707.031 51.300 0
17712.891 50.798 0
17718.750 50.828 0
17724.609 51.198 0
17730.469 52.166 0
17736.328 52.573 0
17742.188 51.371 0
17748.047 50.379 0
17753.906 52.382 0
17759.766 52.466 0
17765.625 50.605 0
17771.484 51.499 0
17777.344 51.476 0
17783.203 52.357 0
17789.062 51.931 0
17794.922 50.023 0
17800.781 50.718 0
17806.641 51.492 0
17812.500 51.438 0
17818.359 51.216 0
17824.219 51.260 0
17830.078 51.187 0
17835.938 52.001 0
17841.797 50.375 0
17847.656 49.453 0
17853.516 50.979 0
17859.375 50.226 0
17865.234 50.556 0
17871.094 50.553 0
17876.953 50.745 0
17882.812 49.827 0
17888.672 50.156 0
17894.531 50.829 0
17900.391 50.441 0
17906.250 50.643 0
17912.109 49.897 0
17917.969 49.664 0
17923.828 50.216 0
17929.688 49.835 0
17935.547 49.973 0
17941.406 51.350 0
17947.266 51.424 0
17953.125 50.573 0
17958.984 50.613 0
17964.844 49.400 0
17970.703 50.235 0
17976.562 51.443 0
17982.422 51.084 0
17988.281 49.930 0
17994.141 49.408 0
18000.000 50.738 0
18005.859 51.484 0
18011.719 51.417 0
18017.578 50.474 0
18023.438 49.882 0
18029.297 49.881 0
18035.156 49.459 0
18041.016 51.903 0
18046.875 51.073 0
18052.734 51.176 0
18058.594 51.131 0
18064.453 51.193 0
18070.312 50.934 0
18076.172 50.368 0
18082.031 50.791 0
18087.891 50.725 0
18093.750 50.213 0
18099.609 49.715 0
18105.469 50.908 0
18111.328 51.684 0
18117.188 49.941 0
18123.047 48.802 0
18128.906 50.919 0
18134.766 49.904 0
18140.625 50.363 0
18146.484 50.425 0
18152.344 49.610 0
18158.203 49.571 0
18164.062 49.900 0
18169.922 51.173 0
18175.781 51.364 0
18181.641 49.517 0
18187.500 48.971 0
18193.359 48.661 0
18199.219 49.689 0
18205.078 50.229 0
18210.938 49.541 0
18216.797 49.985 0
18222.656 51.517 0
18228.516 49.284 0
18234.375 50.331 0
18240.234 49.829 0
18246.094 50.256 0
18251.953 49.991 0
18257.812 50.387 0
18263.672 48.194 0
18269.531 48.468 0
18275.391 49.201 0
18281.250 48.386 0
18287.109 48.659 0
18292.969 49.242 0
18298.828 49.046 0
18304.688 50.216 0
18310.547 50.354 0
18316.406 49.951 0
18322.266 49.821 0
18328.125 49.977 0
18333.984 49.221 0
18339.844 50.004 0
18345.703 49.177 0
18351.562 48.245 0
18357.422 50.163 0
18363.281 49.383 0
18369.141 50.213 0
18375.000 50.963 0
18380.859 50.196 0
18386.719 50.363 0
18392.578 49.855 0
18398.438 49.399 0
18404.297 50.774 0
18410.156 49.926 0
18416.016 49.735 0
18421.875 50.436 0
18427.734 49.790 0
18433.594 49.455 0
18439.453 49.084 0
18445.312 48.991 0
18451.172 50.210 0
18457.031 50.790 0
18462.891 51.148 0
18468.750 50.025 0
18474.609 49.663 0
18480.469 50.259 0
18486.328 49.307 0
18492.188 48.503 0
18498.047 47.873 0
18503.906 50.131 0
18509.766 51.630 0
18515.625 50.463 0
18521.484 49.490 0
18527.344 49.506 0
18533.203 50.631 0
18539.062 49.564 0
18544.922 49.332 0
18550.781 49.787 0
18556.641 49.212 0
18562.500 49.937 0
18568.359 49.128 0
18574.219 49.042 0
18580.078 49.523 0
18585.938 48.985 0
18591.797 50.407 0
18597.656 49.708 0
18603.516 48.788 0
18609.375 49.359 0
18615.234 50.306 0
18621.094 48.503 0
18626.953 48.877 0
18632.812 48.763 0
18638.672 49.055 0
18644.531 50.646 0
18650.391 49.798 0
18656.250 49.471 0
18662.109 48.887 0
18667.969 48.560 0
18673.828 48.851 0
18679.688 50.195 0
18685.547 50.256 0
18691.406 48.249 0
18697.266 49.282 0
18703.125 50.286 0
18708.984 50.118 0
18714.844 47.840 0
18720.703 48.977 0
18726.562 48.650 0
18732.422 49.473 0
18738.281 50.387 0
18744.141 48.661 0
18750.000 49.353 0
18755.859 50.669 0
18761.719 51.731 0
18767.578 50.860 0
18773.438 49.743 0
18779.297 48.893 0
18785.156 50.017 0
18791.016 49.638 0
18796.875 49.190 0
18802.734 49.526 0
18808.594 48.561 0
18814.453 47.094 0
18820.312 48.730 0
18826.172 49.419 0
18832.031 49.425 0
18837.891 48.114 0
18843.750 49.059 0
18849.609 49.462 0
18855.469 50.212 0
18861.328 49.895 0
18867.188 48.923 0
18873.047 50.102 0
18878.906 50.209 0
18884.766 47.965 0
18890.625 47.723 0
18896.484 49.732 0
18902.344 50.033 0
18908.203 50.439 0
18914.062 50.033 0
18919.922 49.159 0
18925.781 48.556 0
18931.641 48.769 0
18937.500 47.885 0
18943.359 49.175 0
18949.219 48.771 0
18955.078 48.768 0
18960.938 49.036 0
18966.797 49.114 0
18972.656 49.371 0
18978.516 48.225 0
18984.375 48.925 0
18990.234 48.736 0
18996.094 48.919 0
19001.953 49.169 0
19007.812 48.396 0
19013.672 48.228 0
19019.531 48.351 0
19025.391 50.135 0
19031.250 49.916 0
19037.109 50.516 0
19042.969 49.680 0
19048.828 48.512 0
19054.688 49.282 0
19060.547 49.269 0
19066.406 48.579 0
19072.266 49.481 0
19078.125 50.333 0
19083.984 49.920 0
19089.844 50.405 0
19095.703 50.365 0
19101.562 50.123 0
19107.422 49.524 0
19113.281 49.868 0
19119.141 49.568 0
19125.000 47.788 0
19130.859 46.542 0
19136.719 49.187 0
19142.578 49.173 0
19148.438 48.315 0
19154.297 50.192 0
19160.156 49.431 0
19166.016 48.447 0
19171.875 49.360 0
19177.734 49.029 0
19183.594 47.337 0
19189.453 47.852 0
19195.312 49.573 0
19201.172 49.341 0
19207.031 49.560 0
19212.891 49.150 0
19218.750 49.207 0
19224.609 48.639 0
19230.469 47.330 0
19236.328 47.196 0
19242.188 47.930 0
19248.047 47.796 0
19253.906 48.036 0
19259.766 47.728 0
19265.625 47.039 0
19271.484 47.987 0
19277.344 47.555 0
19283.203 48.182 0
19289.062 49.143 0
19294.922 49.848 0
19300.781 49.538 0
19306.641 49.355 0
19312.500 49.962 0
19318.359 48.100 0
19324.219 46.333 0
19330.078 47.871 0
19335.938 49.334 0
19341.797 47.650 0
19347.656 48.321 0
19353.516 48.089 0
19359.375 48.010 0
19365.234 47.920 0
19371.094 48.917 0
19376.953 48.479 0
19382.812 49.074 0
19388.672 49.389 0
19394.531 48.567 0
19400.391 49.051 0
19406.250 50.111 0
19412.109 49.334 0
19417.969 48.113 0
19423.828 48.727 0
19429.688 47.142 0
19435.547 47.988 0
19441.406 47.888 0
19447.266 47.739 0
19453.125 48.195 0
19458.984 47.597 0
19464.844 48.606 0
19470.703 48.713 0
19476.562 48.384 0
19482.422 48.404 0
19488.281 48.882 0
19494.141 48.183 0
19500.000 47.523 0
19505.859 47.984 0
19511.719 47.319 0
19517.578 48.213 0
19523.438 48.597 0
19529.297 48.921 0
19535.156 49.362 0
19541.016 47.933 0
19546.875 48.317 0
19552.734 48.545 0
19558.594 48.175 0
19564.453 47.662 0
19570.312 47.576 0
19576.172 47.442 0
19582.031 47.813 0
19587.891 48.165 0
19593.750 47.767 0
19599.609 49.079 0
19605.469 49.070 0
19611.328 48.728 0
19617.188 48.146 0
19623.047 48.982 0
19628.906 47.583 0
19634.766 47.835 0
19640.625 47.860 0
19646.484 47.135 0
19652.344 47.230 0
19658.203 47.935 0
19664.062 48.417 0
19669.922 49.150 0
19675.781 48.155 0
19681.641 46.848 0
19687.500 47.013 0
19693.359 47.658 0
19699.219 46.168 0
19705.078 46.506 0
19710.938 47.453 0
19716.797 47.695 0
19722.656 48.928 0
19728.516 49.831 0
19734.375 49.189 0
19740.234 48.199 0
19746.094 48.825 0
19751.953 48.154 0
19757.812 48.395 0
19763.672 48.623 0
19769.531 48.172 0
19775.391 47.354 0
19781.250 47.576 0
19787.109 47.903 0
19792.969 49.606 0
19798.828 48.495 0
19804.688 47.661 0
19810.547 48.328 0
19816.406 47.971 0
19822.266 47.751 0
19828.125 47.857 0
19833.984 47.646 0
19839.844 46.661 0
19845.703 47.529 0
19851.562 48.246 0
19857.422 47.939 0
19863.281 47.176 0
19869.141 45.777 0
19875.000 47.117 0
19880.859 47.287 0
19886.719 47.161 0
19892.578 46.829 0
19898.438 46.288 0
19904.297 47.921 0
19910.156 48.351 0
19916.016 48.034 0
19921.875 47.842 0
19927.734 48.311 0
19933.594 47.902 0
19939.453 46.773 0
19945.312 47.759 0
19951.172 47.991 0
19957.031 47.470 0
19962.891 48.170 0
19968.750 46.599 0
19974.609 46.100 0
19980.469 46.844 0
19986.328 47.242 0
19992.188 46.789 0
19998.047 46.810 0
20003.906 47.495 0
20009.766 47.387 0
20015.625 46.751 0
20021.484 47.932 0
20027.344 46.776 0
20033.203 47.270 0
20039.062 47.009 0
20044.922 48.086 0
20050.781 47.396 0
20056.641 46.893 0
20062.500 46.222 0
20068.359 46.106 0
20074.219 47.016 0
20080.078 47.951 0
20085.938 48.748 0
20091.797 48.262 0
20097.656 47.107 0
20103.516 46.020 0
20109.375 46.792 0
20115.234 47.267 0
20121.094 48.432 0
20126.953 48.320 0
20132.812 47.522 0
20138.672 46.099 0
20144.531 45.548 0
20150.391 45.304 0
20156.250 46.392 0
20162.109 47.184 0
20167.969 46.228 0
20173.828 46.893 0
20179.688 47.324 0
20185.547 47.602 0
20191.406 47.826 0
20197.266 47.163 0
20203.125 46.614 0
20208.984 45.692 0
20214.844 47.145 0
20220.703 47.006 0
20226.562 44.871 0
20232.422 47.147 0
20238.281 47.507 0
20244.141 46.779 0
20250.000 47.399 0
20255.859 46.961 0
20261.719 47.209 0
20267.578 47.752 0
20273.438 47.278 0
20279.297 45.944 0
20285.156 46.396 0
20291.016 46.011 0
20296.875 46.918 0
20302.734 45.338 0
20308.594 45.542 0
20314.453 45.501 0
20320.312 46.271 0
20326.172 48.302 0
20332.031 45.295 0
20337.891 45.400 0
20343.750 45.902 0
20349.609 46.519 0
20355.469 46.227 0
20361.328 45.095 0
20367.188 45.185 0
20373.047 46.367 0
20378.906 47.115 0
20384.766 46.983 0
20390.625 46.326 0
20396.484 45.870 0
20402.344 45.491 0
20408.203 45.152 0
20414.062 46.572 0
20419.922 45.995 0
20425.781 44.593 0
20431.641 45.087 0
20437.500 44.319 0
20443.359 45.165 0
20449.219 44.320 0
20455.078 45.918 0
20460.938 44.529 0
20466.797 44.680 0
20472.656 45.645 0
20478.516 45.528 0
20484.375 44.984 0
20490.234 44.547 0
20496.094 44.931 0
20501.953 44.956 0
20507.812 43.967 0
20513.672 45.459 0
20519.531 45.839 0
20525.391 45.514 0
20531.250 45.144 0
20537.109 45.161 0
20542.969 45.070 0
20548.828 43.632 0
20554.688 44.177 0
20560.547 44.689 0
20566.406 44.258 0
20572.266 44.067 0
20578.125 44.635 0
20583.984 45.204 0
20589.844 44.422 0
20595.703 44.775 0
20601.562 44.461 0
20607.422 44.435 0
20613.281 45.144 0
20619.141 45.026 0
20625.000 45.301 0
20630.859 45.329 0
20636.719 45.207 0
20642.578 45.387 0
20648.438 43.494 0
20654.297 43.183 0
20660.156 44.038 0
20666.016 43.427 0
20671.875 43.656 0
20677.734 44.380 0
20683.594 44.497 0
20689.453 45.768 0
20695.312 44.309 0
20701.172 43.875 0
20707.031 45.571 0
20712.891 44.915 0
20718.750 45.582 0
20724.609 45.939 0
20730.469 44.447 0
20736.328 45.749 0
20742.188 45.287 0
20748.047 45.417 0
20753.906 46.190 0
20759.766 44.611 0
20765.625 43.594 0
20771.484 45.279 0
20777.344 45.237 0
20783.203 44.423 0
20789.062 44.558 0
20794.922 45.684 0
20800.781 45.028 0
20806.641 45.202 0
20812.500 44.132 0
20818.359 45.165 0
20824.219 45.657 0
20830.078 45.662 0
20835.938 45.345 0
20841.797 46.268 0
20847.656 46.369 0
20853.516 46.552 0
20859.375 44.592 0
20865.234 45.823 0
20871.094 47.085 0
20876.953 45.989 0
20882.812 46.120 0
20888.672 45.655 0
20894.531 45.038 0
20900.391 45.365 0
20906.250 46.043 0
20912.109 45.922 0
20917.969 44.415 0
20923.828 43.866 0
20929.688 45.967 0
20935.547 47.032 0
20941.406 46.906 0
20947.266 44.620 0
20953.125 44.704 0
20958.984 44.807 0
20964.844 44.843 0
20970.703 46.863 0
20976.562 46.616 0
20982.422 46.815 0
20988.281 45.836 0
20994.141 46.272 0
21000.000 45.883 0
21005.859 45.792 0
21011.719 45.232 0
21017.578 45.752 0
21023.438 46.461 0
21029.297 46.231 0
21035.156 45.715 0
21041.016 46.865 0
21046.875 46.152 0
21052.734 46.928 0
21058.594 45.990 0
21064.453 45.560 0
21070.312 46.333 0
21076.172 45.893 0
21082.031 45.970 0
21087.891 46.286 0
21093.750 46.694 0
21099.609 46.128 0
21105.469 47.166 0
21111.328 46.133 0
21117.188 46.189 0
21123.047 47.291 0
21128.906 46.891 0
21134.766 46.240 0
21140.625 46.604 0
21146.484 46.821 0
21152.344 46.565 0
21158.203 46.481 0
21164.062 46.368 0
21169.922 47.994 0
21175.781 48.202 0
21181.641 46.629 0
21187.500 46.815 0
21193.359 46.901 0
21199.219 46.709 0
21205.078 46.855 0
21210.938 46.207 0
21216.797 47.516 0
21222.656 47.865 0
21228.516 47.539 0
21234.375 46.758 0
21240.234 46.194 0
21246.094 47.041 0
21251.953 47.508 0
21257.812 46.442 0
21263.672 48.070 0
21269.531 47.892 0
21275.391 46.266 0
21281.250 47.131 0
21287.109 49.046 0
21292.969 49.139 0
21298.828 47.909 0
21304.688 47.008 0
21310.547 46.650 0
21316.406 47.003 0
21322.266 48.273 0
21328.125 48.800 0
21333.984 48.412 0
21339.844 46.423 0
21345.703 45.535 0
21351.562 47.477 0
21357.422 47.839 0
21363.281 47.920 0
21369.141 47.557 0
21375.000 48.236 0
21380.859 48.641 0
21386.719 48.561 0
21392.578 48.242 0
21398.438 47.431 0
21404.297 47.913 0
21410.156 47.432 0
21416.016 47.181 0
21421.875 47.768 0
21427.734 47.296 0
21433.594 48.646 0
21439.453 47.956 0
21445.312 48.503 0
21451.172 48.358 0
21457.031 48.025 0
21462.891 48.256 0
21468.750 48.844 0
21474.609 47.468 0
21480.469 48.418 0
21486.328 47.951 0
21492.188 48.522 0
21498.047 47.557 0
21503.906 48.017 0
21509.766 46.192 0
21515.625 48.284 0
21521.484 49.406 0
21527.344 48.732 0
21533.203 48.993 0
21539.062 47.439 0
21544.922 48.272 0
21550.781 48.886 0
21556.641 48.823 0
21562.500 48.901 0
21568.359 48.970 0
21574.219 49.614 0
21580.078 49.013 0
21585.938 49.408 0
21591.797 49.668 0
21597.656 47.977 0
21603.516 49.208 0
21609.375 50.689 0
21615.234 49.334 0
21621.094 48.849 0
21626.953 48.633 0
21632.812 48.545 0
21638.672 48.424 0
21644.531 49.255 0
21650.391 49.665 0
21656.250 48.845 0
21662.109 49.563 0
21667.969 48.275 0
21673.828 48.491 0
21679.688 48.456 0
21685.547 48.604 0
21691.406 49.619 0
21697.266 49.206 0
21703.125 49.131 0
21708.984 48.455 0
21714.844 50.476 0
21720.703 50.490 0
21726.562 50.028 0
21732.422 49.164 0
21738.281 48.281 0
21744.141 49.022 0
21750.000 48.979 0
21755.859 50.868 0
21761.719 49.810 0
21767.578 49.858 0
21773.438 50.016 0
21779.297 48.608 0
21785.156 48.382 0
21791.016 48.064 0
21796.875 47.796 0
21802.734 48.821 0
21808.594 48.662 0
21814.453 49.806 0
21820.312 50.638 0
21826.172 48.781 0
21832.031 48.746 0
21837.891 48.340 0
21843.750 49.405 0
21849.609 49.902 0
21855.469 50.418 0
21861.328 49.829 0
21867.188 49.162 0
21873.047 48.921 0
21878.906 47.592 0
21884.766 48.814 0
21890.625 48.862 0
21896.484 48.437 0
21902.344 50.432 0
21908.203 49.209 0
21914.062 48.242 0
21919.922 48.952 0
21925.781 49.180 0
21931.641 50.250 0
21937.500 49.077 0
21943.359 49.610 0
21949.219 49.348 0
21955.078 49.961 0
21960.938 49.957 0
21966.797 50.831 0
21972.656 51.098 0
21978.516 52.074 0
21984.375 50.454 0
21990.234 49.333 0
21996.094 48.856 0
22001.953 50.481 0
22007.812 49.748 0
22013.672 49.888 0
22019.531 50.806 0
22025.391 50.494 0
22031.250 49.023 0
22037.109 48.977 0
22042.969 48.970 0
22048.828 50.087 0
22054.688 50.494 0
22060.547 50.585 0
22066.406 50.744 0
22072.266 50.163 0
22078.125 49.900 0
22083.984 48.996 0
22089.844 48.908 0
22095.703 49.521 0
22101.562 49.569 0
22107.422 48.788 0
22113.281 48.768 0
22119.141 49.192 0
22125.000 50.405 0
22130.859 50.796 0
22136.719 49.782 0
22142.578 50.388 0
22148.438 50.218 0
22154.297 50.051 0
22160.156 50.010 0
22166.016 50.762 0
22171.875 50.827 0
22177.734 50.234 0
22183.594 49.403 0
22189.453 48.762 0
22195.312 49.146 0
22201.172 50.036 0
22207.031 49.444 0
22212.891 49.539 0
22218.750 49.212 0
22224.609 49.569 0
22230.469 49.719 0
22236.328 49.027 0
22242.188 48.835 0
22248.047 49.682 0
22253.906 49.011 0
22259.766 48.972 0
22265.625 49.904 0
22271.484 49.629 0
22277.344 50.517 0
22283.203 50.927 0
22289.062 50.181 0
22294.922 49.485 0
22300.781 49.482 0
22306.641 49.470 0
22312.500 50.354 0
22318.359 49.958 0
22324.219 48.555 0
22330.078 47.177 0
22335.938 47.800 0
22341.797 48.478 0
22347.656 47.908 0
22353.516 48.780 0
22359.375 48.867 0
22365.234 50.434 0
22371.094 50.570 0
22376.953 50.046 0
22382.812 49.637 0
22388.672 49.749 0
22394.531 50.114 0
22400.391 48.163 0
22406.250 49.142 0
22412.109 47.519 0
22417.969 46.939 0
22423.828 47.057 0
22429.688 47.594 0
22435.547 46.920 0
22441.406 47.150 0
22447.266 48.337 0
22453.125 48.932 0
22458.984 48.142 0
22464.844 47.987 0
22470.703 48.129 0
22476.562 47.437 0
22482.422 48.695 0
22488.281 47.917 0
22494.141 47.945 0
22500.000 48.693 0
22505.859 48.468 0
22511.719 47.851 0
22517.578 48.995 0
22523.438 49.338 0
22529.297 47.493 0
22535.156 48.192 0
22541.016 47.509 0
22546.875 47.188 0
22552.734 47.955 0
22558.594 47.989 0
22564.453 49.061 0
22570.312 48.288 0
22576.172 48.180 0
22582.031 48.350 0
22587.891 48.139 0
22593.750 48.857 0
22599.609 48.264 0
22605.469 48.206 0
22611.328 47.377 0
22617.188 47.220 0
22623.047 47.464 0
22628.906 47.194 0
22634.766 47.388 0
22640.625 47.543 0
22646.484 47.554 0
22652.344 47.355 0
22658.203 47.200 0
22664.062 46.729 0
22669.922 48.311 0
22675.781 48.206 0
22681.641 47.636 0
22687.500 46.807 0
22693.359 47.412 0
22699.219 48.175 0
22705.078 48.240 0
22710.938 48.586 0
22716.797 47.805 0
22722.656 47.726 0
22728.516 48.229 0
22734.375 48.820 0
22740.234 48.374 0
22746.094 47.376 0
22751.953 47.755 0
22757.812 46.968 0
22763.672 45.739 0
22769.531 46.991 0
22775.391 46.926 0
22781.250 46.614 0
22787.109 47.175 0
22792.969 47.028 0
22798.828 45.895 0
22804.688 46.287 0
22810.547 47.642 0
22816.406 47.424 0
22822.266 45.622 0
22828.125 46.264 0
22833.984 46.552 0
22839.844 46.915 0
22845.703 46.281 0
22851.562 46.140 0
22857.422 46.815 0
22863.281 47.151 0
22869.141 46.616 0
22875.000 46.131 0
22880.859 46.006 0
22886.719 46.623 0
22892.578 46.452 0
22898.438 47.696 0
22904.297 46.131 0
22910.156 46.305 0
22916.016 46.706 0
22921.875 45.444 0
22927.734 46.468 0
22933.594 45.923 0
22939.453 46.226 0
22945.312 46.944 0
22951.172 47.074 0
22957.031 46.276 0
22962.891 46.063 0
22968.750 46.083 0
22974.609 46.529 0
22980.469 45.249 0
22986.328 44.820 0
22992.188 45.658 0
22998.047 45.108 0
23003.906 45.531 0
23009.766 45.385 0
23015.625 44.921 0
23021.484 45.768 0
23027.344 44.763 0
23033.203 45.328 0
23039.062 45.993 0
23044.922 45.355 0
23050.781 44.392 0
23056.641 43.709 0
23062.500 44.188 0
23068.359 43.845 0
23074.219 44.686 0
23080.078 44.534 0
23085.938 44.356 0
23091.797 45.034 0
23097.656 44.995 0
23103.516 45.093 0
23109.375 45.413 0
23115.234 46.233 0
23121.094 45.121 0
23126.953 43.296 0
23132.812 45.155 0
23138.672 45.439 0
23144.531 45.183 0
23150.391 44.750 0
23156.250 42.843 0
23162.109 43.536 0
23167.969 43.602 0
23173.828 44.302 0
23179.688 44.451 0
23185.547 44.930 0
23191.406 44.764 0
23197.266 43.531 0
23203.125 43.771 0
23208.984 44.036 0
23214.844 43.992 0
23220.703 45.037 0
23226.562 44.256 0
23232.422 44.166 0
23238.281 43.267 0
23244.141 42.299 0
23250.000 42.150 0
23255.859 43.603 0
23261.719 43.467 0
23267.578 43.381 0
23273.438 43.721 0
23279.297 44.587 0
23285.156 43.985 0
23291.016 43.040 0
23296.875 42.046 0
23302.734 42.612 0
23308.594 43.447 0
23314.453 42.550 0
23320.312 43.465 0
23326.172 44.255 0
23332.031 44.080 0
23337.891 43.312 0
23343.750 42.789 0
23349.609 42.146 0
23355.469 42.567 0
23361.328 43.635 0
23367.188 42.635 0
23373.047 43.152 0
23378.906 43.619 0
23384.766 42.218 0
23390.625 40.902 0
23396.484 43.082 0
23402.344 43.395 0
23408.203 43.071 0
23414.062 42.685 0
23419.922 42.859 0
23425.781 42.659 0
23431.641 43.027 0
23437.500 41.817 0
23443.359 41.272 0
23449.219 42.882 0
23455.078 44.027 0
23460.938 42.936 0
23466.797 42.491 0
23472.656 43.181 0
23478.516 42.197 0
23484.375 43.303 0
23490.234 43.107 0
23496.094 42.715 0
23501.953 42.364 0
23507.812 41.424 0
23513.672 42.546 0
23519.531 42.678 0
23525.391 42.107 0
23531.250 41.915 0
23537.109 41.968 0
23542.969 41.512 0
23548.828 40.793 0
23554.688 40.071 0
23560.547 40.811 0
23566.406 41.467 0
23572.266 40.154 0
23578.125 40.461 0
23583.984 40.077 0
23589.844 39.632 0
23595.703 41.616 0
23601.562 42.143 0
23607.422 41.394 0
23613.281 41.533 0
23619.141 40.460 0
23625.000 40.989 0
23630.859 41.836 0
23636.719 41.639 0
23642.578 41.876 0
23648.438 40.536 0
23654.297 41.635 0
23660.156 41.102 0
23666.016 39.947 0
23671.875 40.353 0
23677.734 41.152 0
23683.594 40.906 0
23689.453 39.776 0
23695.312 40.342 0
23701.172 40.243 0
23707.031 39.912 0
23712.891 38.783 0
23718.750 38.934 0
23724.609 39.122 0
23730.469 38.958 0
23736.328 39.244 0
23742.188 39.356 0
23748.047 40.019 0
23753.906 39.521 0
23759.766 39.638 0
23765.625 38.701 0
23771.484 37.781 0
23777.344 38.525 0
23783.203 38.589 0
23789.062 38.617 0
23794.922 39.146 0
23800.781 37.672 0
23806.641 37.793 0
23812.500 37.658 0
23818.359 37.165 0
23824.219 38.411 0
23830.078 38.477 0
23835.938 38.192 0
23841.797 38.131 0
23847.656 37.111 0
23853.516 37.827 0
23859.375 37.243 0
23865.234 36.898 0
23871.094 35.863 0
23876.953 36.654 0
23882.812 37.307 0
23888.672 37.153 0
23894.531 36.389 0
23900.391 37.451 0
23906.250 36.827 0
23912.109 37.436 0
23917.969 36.244 0
23923.828 35.962 0
23929.688 35.399 0
23935.547 34.359 0
23941.406 34.782 0
23947.266 36.366 0
23953.125 36.315 0
23958.984 36.231 0
23964.844 35.800 0
23970.703 36.584 0
23976.562 36.450 0
23982.422 36.825 0
23988.281 36.527 0
