* Measurement data measured by REW V5,19
* Source: Input device not selected, no input selected, L, volume: no control
* Format: 8192-point spectrum using Hann window and 32 averages 
* Dated: 28-jun-2021 11:38:06
* REW Settings:
*  C-weighting compensation: Off
*  Target level: 75.0 dB
* Note: 8192-point spectrum using Hann window and 32 averages Input RMS 119,4 dB, 118,0 dBC, 119,7 dBA
* Measurement: jun 28 11:38:06
* Smoothing: None
* Frequency Step: 5.859375 Hz
* Start Frequency: 10.0 Hz
*
* Freq(Hz) SPL(dB) Phase(degrees)
11.719 80.782 0
17.578 84.643 0
23.438 87.165 0
29.297 89.659 0
35.156 90.742 0
41.016 90.866 0
46.875 88.700 0
52.734 87.931 0
58.594 84.459 0
64.453 81.670 0
70.312 82.444 0
76.172 83.580 0
82.031 84.727 0
87.891 85.787 0
93.750 86.239 0
99.609 84.644 0
105.469 83.774 0
111.328 84.510 0
117.188 85.372 0
123.047 85.680 0
128.906 85.622 0
134.766 83.729 0
140.625 82.423 0
146.484 83.023 0
152.344 81.632 0
158.203 79.294 0
164.062 79.411 0
169.922 79.760 0
175.781 79.317 0
181.641 79.612 0
187.500 79.810 0
193.359 80.066 0
199.219 80.034 0
205.078 80.712 0
210.938 81.574 0
216.797 80.394 0
222.656 81.111 0
228.516 81.579 0
234.375 79.469 0
240.234 79.633 0
246.094 81.470 0
251.953 81.343 0
257.812 81.006 0
263.672 80.690 0
269.531 80.453 0
275.391 80.075 0
281.250 79.616 0
287.109 80.558 0
292.969 81.577 0
298.828 82.624 0
304.688 81.649 0
310.547 80.595 0
316.406 82.189 0
322.266 83.002 0
328.125 82.556 0
333.984 82.482 0
339.844 81.709 0
345.703 80.796 0
351.562 81.245 0
357.422 80.966 0
363.281 81.367 0
369.141 82.278 0
375.000 82.293 0
380.859 82.469 0
386.719 82.759 0
392.578 81.882 0
398.438 81.546 0
404.297 82.670 0
410.156 82.651 0
416.016 82.278 0
421.875 82.813 0
427.734 83.684 0
433.594 82.810 0
439.453 82.094 0
445.312 82.831 0
451.172 81.370 0
457.031 82.172 0
462.891 81.684 0
468.750 82.664 0
474.609 81.199 0
480.469 81.537 0
486.328 84.035 0
492.188 82.445 0
498.047 82.136 0
503.906 83.286 0
509.766 83.221 0
515.625 81.075 0
521.484 81.405 0
527.344 82.511 0
533.203 82.865 0
539.062 83.142 0
544.922 82.896 0
550.781 82.727 0
556.641 82.408 0
562.500 81.955 0
568.359 82.355 0
574.219 83.236 0
580.078 81.801 0
585.938 83.285 0
591.797 82.896 0
597.656 81.960 0
603.516 81.843 0
609.375 81.253 0
615.234 81.885 0
621.094 81.792 0
626.953 80.048 0
632.812 81.445 0
638.672 80.852 0
644.531 81.151 0
650.391 81.004 0
656.250 81.599 0
662.109 82.526 0
667.969 81.532 0
673.828 82.292 0
679.688 81.600 0
685.547 81.449 0
691.406 81.882 0
697.266 83.114 0
703.125 83.086 0
708.984 82.766 0
714.844 80.757 0
720.703 82.654 0
726.562 82.445 0
732.422 81.673 0
738.281 82.021 0
744.141 83.327 0
750.000 81.919 0
755.859 81.583 0
761.719 82.317 0
767.578 82.014 0
773.438 83.096 0
779.297 83.141 0
785.156 82.194 0
791.016 82.044 0
796.875 82.433 0
802.734 83.022 0
808.594 82.545 0
814.453 82.167 0
820.312 82.035 0
826.172 80.723 0
832.031 80.591 0
837.891 82.109 0
843.750 83.053 0
849.609 82.949 0
855.469 82.584 0
861.328 83.375 0
867.188 83.963 0
873.047 83.335 0
878.906 82.455 0
884.766 81.719 0
890.625 82.207 0
896.484 82.579 0
902.344 82.965 0
908.203 82.953 0
914.062 83.555 0
919.922 83.630 0
925.781 82.955 0
931.641 83.396 0
937.500 83.744 0
943.359 81.324 0
949.219 81.001 0
955.078 84.004 0
960.938 83.659 0
966.797 83.598 0
972.656 83.754 0
978.516 82.881 0
984.375 83.238 0
990.234 83.830 0
996.094 83.939 0
1001.953 83.112 0
1007.812 82.676 0
1013.672 83.081 0
1019.531 82.543 0
1025.391 82.639 0
1031.250 82.173 0
1037.109 82.273 0
1042.969 82.359 0
1048.828 83.262 0
1054.688 82.977 0
1060.547 83.140 0
1066.406 84.144 0
1072.266 85.113 0
1078.125 84.230 0
1083.984 83.844 0
1089.844 84.133 0
1095.703 82.904 0
1101.562 82.474 0
1107.422 83.884 0
1113.281 83.379 0
1119.141 84.170 0
1125.000 84.528 0
1130.859 84.406 0
1136.719 83.474 0
1142.578 83.839 0
1148.438 84.873 0
1154.297 84.491 0
1160.156 83.919 0
1166.016 83.121 0
1171.875 81.094 0
1177.734 82.935 0
1183.594 82.737 0
1189.453 82.758 0
1195.312 83.099 0
1201.172 82.777 0
1207.031 82.088 0
1212.891 81.072 0
1218.750 81.485 0
1224.609 83.524 0
1230.469 83.431 0
1236.328 83.680 0
1242.188 83.121 0
1248.047 82.884 0
1253.906 81.703 0
1259.766 81.287 0
1265.625 82.724 0
1271.484 83.670 0
1277.344 82.528 0
1283.203 81.088 0
1289.062 81.809 0
1294.922 82.382 0
1300.781 82.123 0
1306.641 82.119 0
1312.500 82.251 0
1318.359 81.599 0
1324.219 81.704 0
1330.078 81.437 0
1335.938 83.766 0
1341.797 83.949 0
1347.656 81.775 0
1353.516 82.525 0
1359.375 83.090 0
1365.234 82.537 0
1371.094 83.045 0
1376.953 83.099 0
1382.812 82.954 0
1388.672 82.929 0
1394.531 81.407 0
1400.391 82.329 0
1406.250 83.771 0
1412.109 82.989 0
1417.969 83.047 0
1423.828 82.051 0
1429.688 82.236 0
1435.547 83.313 0
1441.406 83.569 0
1447.266 82.295 0
1453.125 80.024 0
1458.984 80.501 0
1464.844 82.361 0
1470.703 82.618 0
1476.562 83.169 0
1482.422 83.158 0
1488.281 82.309 0
1494.141 82.454 0
1500.000 83.489 0
1505.859 82.265 0
1511.719 82.633 0
1517.578 81.997 0
1523.438 82.799 0
1529.297 83.346 0
1535.156 83.303 0
1541.016 82.953 0
1546.875 83.357 0
1552.734 83.314 0
1558.594 82.694 0
1564.453 82.908 0
1570.312 84.181 0
1576.172 83.639 0
1582.031 82.811 0
1587.891 82.756 0
1593.750 82.198 0
1599.609 83.147 0
1605.469 83.002 0
1611.328 82.361 0
1617.188 81.686 0
1623.047 82.809 0
1628.906 82.900 0
1634.766 83.481 0
1640.625 81.757 0
1646.484 82.434 0
1652.344 82.690 0
1658.203 82.834 0
1664.062 84.330 0
1669.922 83.432 0
1675.781 82.243 0
1681.641 82.102 0
1687.500 83.857 0
1693.359 83.136 0
1699.219 82.522 0
1705.078 82.330 0
1710.938 83.053 0
1716.797 84.033 0
1722.656 83.626 0
1728.516 83.573 0
1734.375 82.121 0
1740.234 81.796 0
1746.094 82.814 0
1751.953 83.720 0
1757.812 83.620 0
1763.672 82.424 0
1769.531 82.476 0
1775.391 82.991 0
1781.250 83.586 0
1787.109 83.217 0
1792.969 83.858 0
1798.828 83.055 0
1804.688 82.785 0
1810.547 83.804 0
1816.406 83.885 0
1822.266 83.431 0
1828.125 84.359 0
1833.984 83.174 0
1839.844 82.984 0
1845.703 83.370 0
1851.562 83.256 0
1857.422 81.932 0
1863.281 82.135 0
1869.141 84.013 0
1875.000 84.396 0
1880.859 82.567 0
1886.719 83.306 0
1892.578 83.563 0
1898.438 82.169 0
1904.297 82.522 0
1910.156 82.548 0
1916.016 83.328 0
1921.875 82.504 0
1927.734 83.772 0
1933.594 82.949 0
1939.453 81.829 0
1945.312 82.276 0
1951.172 82.292 0
1957.031 82.470 0
1962.891 82.039 0
1968.750 82.238 0
1974.609 82.203 0
1980.469 81.480 0
1986.328 81.982 0
1992.188 82.724 0
1998.047 82.982 0
2003.906 84.017 0
2009.766 83.956 0
2015.625 81.796 0
2021.484 82.118 0
2027.344 82.438 0
2033.203 81.773 0
2039.062 81.722 0
2044.922 82.433 0
2050.781 82.736 0
2056.641 82.164 0
2062.500 81.726 0
2068.359 80.409 0
2074.219 81.750 0
2080.078 83.091 0
2085.938 83.631 0
2091.797 83.983 0
2097.656 83.742 0
2103.516 82.659 0
2109.375 81.184 0
2115.234 82.307 0
2121.094 82.075 0
2126.953 80.991 0
2132.812 81.316 0
2138.672 82.498 0
2144.531 81.188 0
2150.391 82.076 0
2156.250 81.057 0
2162.109 81.484 0
2167.969 81.086 0
2173.828 81.283 0
2179.688 82.512 0
2185.547 81.071 0
2191.406 81.098 0
2197.266 82.682 0
2203.125 82.546 0
2208.984 81.401 0
2214.844 79.883 0
2220.703 80.623 0
2226.562 81.225 0
2232.422 82.546 0
2238.281 82.419 0
2244.141 81.811 0
2250.000 81.900 0
2255.859 82.139 0
2261.719 81.355 0
2267.578 81.402 0
2273.438 82.647 0
2279.297 82.421 0
2285.156 81.656 0
2291.016 81.936 0
2296.875 82.932 0
2302.734 82.687 0
2308.594 81.964 0
2314.453 81.214 0
2320.312 80.379 0
2326.172 81.361 0
2332.031 80.980 0
2337.891 81.163 0
2343.750 82.188 0
2349.609 82.163 0
2355.469 81.714 0
2361.328 81.854 0
2367.188 80.433 0
2373.047 82.053 0
2378.906 81.940 0
2384.766 82.187 0
2390.625 80.522 0
2396.484 81.616 0
2402.344 81.422 0
2408.203 81.379 0
2414.062 83.184 0
2419.922 82.327 0
2425.781 82.312 0
2431.641 82.710 0
2437.500 82.655 0
2443.359 81.412 0
2449.219 80.351 0
2455.078 80.854 0
2460.938 79.923 0
2466.797 81.546 0
2472.656 80.937 0
2478.516 82.975 0
2484.375 82.445 0
2490.234 82.729 0
2496.094 81.571 0
2501.953 82.145 0
2507.812 83.630 0
2513.672 83.372 0
2519.531 82.940 0
2525.391 81.989 0
2531.250 81.681 0
2537.109 80.824 0
2542.969 83.189 0
2548.828 83.340 0
2554.688 81.892 0
2560.547 81.923 0
2566.406 81.984 0
2572.266 81.694 0
2578.125 81.070 0
2583.984 82.447 0
2589.844 83.687 0
2595.703 83.262 0
2601.562 83.454 0
2607.422 83.705 0
2613.281 83.297 0
2619.141 83.335 0
2625.000 83.124 0
2630.859 84.176 0
2636.719 83.664 0
2642.578 83.409 0
2648.438 82.491 0
2654.297 82.949 0
2660.156 83.474 0
2666.016 83.105 0
2671.875 82.449 0
2677.734 83.015 0
2683.594 83.149 0
2689.453 83.331 0
2695.312 82.734 0
2701.172 83.004 0
2707.031 82.899 0
2712.891 83.125 0
2718.750 82.443 0
2724.609 82.197 0
2730.469 82.877 0
2736.328 81.787 0
2742.188 82.559 0
2748.047 84.449 0
2753.906 84.482 0
2759.766 84.275 0
2765.625 84.099 0
2771.484 84.475 0
2777.344 84.687 0
2783.203 83.473 0
2789.062 83.443 0
2794.922 83.213 0
2800.781 83.202 0
2806.641 83.210 0
2812.500 83.552 0
2818.359 83.718 0
2824.219 83.264 0
2830.078 85.259 0
2835.938 83.599 0
2841.797 82.259 0
2847.656 84.045 0
2853.516 84.379 0
2859.375 84.157 0
2865.234 83.323 0
2871.094 82.053 0
2876.953 83.584 0
2882.812 84.550 0
2888.672 83.981 0
2894.531 84.450 0
2900.391 84.585 0
2906.250 83.891 0
2912.109 83.010 0
2917.969 83.295 0
2923.828 84.422 0
2929.688 83.588 0
2935.547 83.372 0
2941.406 82.427 0
2947.266 83.751 0
2953.125 84.243 0
2958.984 85.333 0
2964.844 86.015 0
2970.703 85.463 0
2976.562 84.996 0
2982.422 84.398 0
2988.281 84.230 0
2994.141 84.338 0
3000.000 84.331 0
3005.859 84.368 0
3011.719 84.094 0
3017.578 84.058 0
3023.438 84.942 0
3029.297 84.335 0
3035.156 84.873 0
3041.016 85.757 0
3046.875 86.667 0
3052.734 85.967 0
3058.594 84.958 0
3064.453 85.634 0
3070.312 85.717 0
3076.172 84.542 0
3082.031 86.170 0
3087.891 86.821 0
3093.750 85.037 0
3099.609 84.825 0
3105.469 85.668 0
3111.328 85.242 0
3117.188 84.257 0
3123.047 85.277 0
3128.906 85.612 0
3134.766 85.661 0
3140.625 85.228 0
3146.484 85.708 0
3152.344 86.371 0
3158.203 87.146 0
3164.062 87.230 0
3169.922 86.881 0
3175.781 86.303 0
3181.641 86.167 0
3187.500 87.244 0
3193.359 86.585 0
3199.219 86.602 0
3205.078 87.017 0
3210.938 86.151 0
3216.797 86.119 0
3222.656 87.322 0
3228.516 87.134 0
3234.375 86.911 0
3240.234 87.628 0
3246.094 88.275 0
3251.953 88.409 0
3257.812 88.173 0
3263.672 87.989 0
3269.531 87.352 0
3275.391 87.357 0
3281.250 87.746 0
3287.109 87.414 0
3292.969 87.384 0
3298.828 87.874 0
3304.688 87.704 0
3310.547 87.958 0
3316.406 87.914 0
3322.266 88.868 0
3328.125 89.808 0
3333.984 89.564 0
3339.844 88.555 0
3345.703 87.722 0
3351.562 88.955 0
3357.422 88.494 0
3363.281 89.373 0
3369.141 89.226 0
3375.000 87.838 0
3380.859 88.952 0
3386.719 89.204 0
3392.578 88.769 0
3398.438 90.602 0
3404.297 90.407 0
3410.156 89.760 0
3416.016 90.657 0
3421.875 90.597 0
3427.734 88.663 0
3433.594 90.149 0
3439.453 89.506 0
3445.312 90.107 0
3451.172 89.449 0
3457.031 89.826 0
3462.891 90.400 0
3468.750 90.659 0
3474.609 88.949 0
3480.469 89.375 0
3486.328 90.753 0
3492.188 90.920 0
3498.047 90.021 0
3503.906 90.798 0
3509.766 89.452 0
3515.625 89.861 0
3521.484 90.556 0
3527.344 91.741 0
3533.203 90.841 0
3539.062 90.943 0
3544.922 90.375 0
3550.781 91.363 0
3556.641 90.442 0
3562.500 88.786 0
3568.359 91.780 0
3574.219 92.137 0
3580.078 91.768 0
3585.938 91.271 0
3591.797 91.379 0
3597.656 91.876 0
3603.516 91.079 0
3609.375 91.841 0
3615.234 90.776 0
3621.094 90.504 0
3626.953 90.380 0
3632.812 90.985 0
3638.672 92.562 0
3644.531 92.307 0
3650.391 92.482 0
3656.250 91.401 0
3662.109 90.417 0
3667.969 90.869 0
3673.828 91.168 0
3679.688 91.766 0
3685.547 91.409 0
3691.406 92.333 0
3697.266 92.456 0
3703.125 90.388 0
3708.984 90.357 0
3714.844 90.820 0
3720.703 91.141 0
3726.562 92.948 0
3732.422 92.268 0
3738.281 91.982 0
3744.141 91.692 0
3750.000 92.271 0
3755.859 92.211 0
3761.719 92.007 0
3767.578 92.392 0
3773.438 93.385 0
3779.297 94.347 0
3785.156 93.629 0
3791.016 92.134 0
3796.875 93.377 0
3802.734 94.998 0
3808.594 94.100 0
3814.453 94.542 0
3820.312 94.154 0
3826.172 94.286 0
3832.031 92.089 0
3837.891 92.470 0
3843.750 92.697 0
3849.609 93.319 0
3855.469 93.668 0
3861.328 93.461 0
3867.188 92.414 0
3873.047 92.556 0
3878.906 92.106 0
3884.766 92.139 0
3890.625 90.694 0
3896.484 90.291 0
3902.344 92.294 0
3908.203 93.426 0
3914.062 93.048 0
3919.922 92.422 0
3925.781 92.232 0
3931.641 92.478 0
3937.500 92.875 0
3943.359 94.201 0
3949.219 94.948 0
3955.078 94.268 0
3960.938 92.556 0
3966.797 93.796 0
3972.656 93.774 0
3978.516 94.201 0
3984.375 93.131 0
3990.234 92.791 0
3996.094 92.930 0
4001.953 92.693 0
4007.812 92.363 0
4013.672 93.180 0
4019.531 94.050 0
4025.391 93.490 0
4031.250 93.263 0
4037.109 93.652 0
4042.969 94.251 0
4048.828 93.562 0
4054.688 93.763 0
4060.547 93.932 0
4066.406 92.862 0
4072.266 93.223 0
4078.125 92.236 0
4083.984 93.565 0
4089.844 93.318 0
4095.703 93.012 0
4101.562 94.076 0
4107.422 92.778 0
4113.281 90.987 0
4119.141 92.632 0
4125.000 93.560 0
4130.859 91.822 0
4136.719 92.530 0
4142.578 91.829 0
4148.438 91.513 0
4154.297 92.591 0
4160.156 91.361 0
4166.016 92.720 0
4171.875 92.539 0
4177.734 89.982 0
4183.594 91.027 0
4189.453 92.127 0
4195.312 91.796 0
4201.172 90.515 0
4207.031 91.228 0
4212.891 91.246 0
4218.750 91.175 0
4224.609 92.686 0
4230.469 92.095 0
4236.328 92.166 0
4242.188 92.097 0
4248.047 92.332 0
4253.906 90.947 0
4259.766 91.000 0
4265.625 91.997 0
4271.484 91.715 0
4277.344 92.708 0
4283.203 92.878 0
4289.062 92.417 0
4294.922 91.848 0
4300.781 92.693 0
4306.641 93.052 0
4312.500 92.648 0
4318.359 91.985 0
4324.219 93.801 0
4330.078 94.426 0
4335.938 93.117 0
4341.797 93.702 0
4347.656 94.030 0
4353.516 92.768 0
4359.375 93.392 0
4365.234 93.982 0
4371.094 94.963 0
4376.953 93.700 0
4382.812 93.641 0
4388.672 94.758 0
4394.531 94.667 0
4400.391 93.856 0
4406.250 95.354 0
4412.109 95.577 0
4417.969 95.190 0
4423.828 95.432 0
4429.688 96.295 0
4435.547 96.713 0
4441.406 97.529 0
4447.266 97.309 0
4453.125 96.234 0
4458.984 95.610 0
4464.844 97.221 0
4470.703 98.211 0
4476.562 96.446 0
4482.422 96.738 0
4488.281 95.258 0
4494.141 96.513 0
4500.000 96.366 0
4505.859 97.105 0
4511.719 96.458 0
4517.578 95.365 0
4523.438 96.259 0
4529.297 97.296 0
4535.156 97.331 0
4541.016 96.642 0
4546.875 98.105 0
4552.734 97.438 0
4558.594 97.424 0
4564.453 97.853 0
4570.312 97.696 0
4576.172 97.448 0
4582.031 97.656 0
4587.891 97.357 0
4593.750 95.689 0
4599.609 96.627 0
4605.469 96.667 0
4611.328 96.781 0
4617.188 97.489 0
4623.047 96.882 0
4628.906 97.474 0
4634.766 97.383 0
4640.625 97.896 0
4646.484 96.229 0
4652.344 95.727 0
4658.203 96.916 0
4664.062 97.927 0
4669.922 97.985 0
4675.781 96.286 0
4681.641 95.204 0
4687.500 96.773 0
4693.359 96.902 0
4699.219 96.504 0
4705.078 96.358 0
4710.938 97.219 0
4716.797 95.434 0
4722.656 95.498 0
4728.516 96.428 0
4734.375 96.421 0
4740.234 96.507 0
4746.094 94.620 0
4751.953 94.936 0
4757.812 97.205 0
4763.672 96.718 0
4769.531 95.148 0
4775.391 96.259 0
4781.250 96.621 0
4787.109 95.431 0
4792.969 96.008 0
4798.828 95.737 0
4804.688 94.181 0
4810.547 93.940 0
4816.406 94.745 0
4822.266 94.264 0
4828.125 96.469 0
4833.984 97.240 0
4839.844 95.804 0
4845.703 94.586 0
4851.562 93.905 0
4857.422 94.144 0
4863.281 95.071 0
4869.141 95.797 0
4875.000 95.733 0
4880.859 94.946 0
4886.719 94.418 0
4892.578 94.262 0
4898.438 95.241 0
4904.297 95.526 0
4910.156 95.278 0
4916.016 94.454 0
4921.875 94.694 0
4927.734 96.134 0
4933.594 96.207 0
4939.453 95.709 0
4945.312 95.388 0
4951.172 95.100 0
4957.031 96.710 0
4962.891 96.182 0
4968.750 94.510 0
4974.609 94.382 0
4980.469 94.460 0
4986.328 94.529 0
4992.188 93.787 0
4998.047 93.890 0
5003.906 94.281 0
5009.766 95.488 0
5015.625 95.066 0
5021.484 93.545 0
5027.344 91.961 0
5033.203 92.663 0
5039.062 94.185 0
5044.922 94.390 0
5050.781 93.708 0
5056.641 93.626 0
5062.500 92.974 0
5068.359 92.538 0
5074.219 93.780 0
5080.078 92.899 0
5085.938 92.545 0
5091.797 92.913 0
5097.656 92.538 0
5103.516 92.327 0
5109.375 92.819 0
5115.234 93.911 0
5121.094 93.069 0
5126.953 93.822 0
5132.812 93.587 0
5138.672 93.220 0
5144.531 93.533 0
5150.391 92.064 0
5156.250 92.048 0
5162.109 93.189 0
5167.969 92.626 0
5173.828 90.576 0
5179.688 90.592 0
5185.547 91.272 0
5191.406 91.637 0
5197.266 92.962 0
5203.125 92.781 0
5208.984 91.940 0
5214.844 91.700 0
5220.703 92.307 0
5226.562 93.094 0
5232.422 90.389 0
5238.281 91.402 0
5244.141 90.912 0
5250.000 91.722 0
5255.859 91.141 0
5261.719 91.084 0
5267.578 91.803 0
5273.438 92.711 0
5279.297 93.295 0
5285.156 91.827 0
5291.016 91.566 0
5296.875 89.727 0
5302.734 89.519 0
5308.594 90.327 0
5314.453 90.482 0
5320.312 90.547 0
5326.172 90.065 0
5332.031 91.289 0
5337.891 91.404 0
5343.750 90.740 0
5349.609 90.378 0
5355.469 90.778 0
5361.328 91.247 0
5367.188 90.216 0
5373.047 90.343 0
5378.906 91.180 0
5384.766 91.101 0
5390.625 90.854 0
5396.484 90.339 0
5402.344 90.218 0
5408.203 90.772 0
5414.062 90.269 0
5419.922 90.379 0
5425.781 90.289 0
5431.641 89.596 0
5437.500 89.268 0
5443.359 89.447 0
5449.219 88.958 0
5455.078 89.381 0
5460.938 89.432 0
5466.797 88.469 0
5472.656 89.469 0
5478.516 89.149 0
5484.375 86.748 0
5490.234 88.557 0
5496.094 89.594 0
5501.953 89.973 0
5507.812 89.869 0
5513.672 89.604 0
5519.531 89.499 0
5525.391 88.936 0
5531.250 89.552 0
5537.109 89.469 0
5542.969 88.387 0
5548.828 89.857 0
5554.688 89.068 0
5560.547 88.789 0
5566.406 89.793 0
5572.266 89.776 0
5578.125 89.127 0
5583.984 88.667 0
5589.844 88.269 0
5595.703 89.090 0
5601.562 88.766 0
5607.422 88.323 0
5613.281 87.999 0
5619.141 88.180 0
5625.000 88.915 0
5630.859 88.906 0
5636.719 87.579 0
5642.578 86.739 0
5648.438 88.570 0
5654.297 88.953 0
5660.156 88.623 0
5666.016 87.689 0
5671.875 88.328 0
5677.734 87.704 0
5683.594 88.389 0
5689.453 87.213 0
5695.312 87.206 0
5701.172 87.558 0
5707.031 87.491 0
5712.891 88.818 0
5718.750 87.352 0
5724.609 87.213 0
5730.469 87.345 0
5736.328 87.588 0
5742.188 86.710 0
5748.047 86.681 0
5753.906 87.314 0
5759.766 87.212 0
5765.625 86.092 0
5771.484 86.272 0
5777.344 85.838 0
5783.203 85.260 0
5789.062 86.020 0
5794.922 87.329 0
5800.781 87.931 0
5806.641 86.036 0
5812.500 86.273 0
5818.359 86.412 0
5824.219 86.146 0
5830.078 86.017 0
5835.938 85.941 0
5841.797 86.662 0
5847.656 86.871 0
5853.516 85.027 0
5859.375 84.419 0
5865.234 86.133 0
5871.094 86.015 0
5876.953 85.275 0
5882.812 85.070 0
5888.672 84.747 0
5894.531 84.783 0
5900.391 85.185 0
5906.250 85.739 0
5912.109 85.540 0
5917.969 84.933 0
5923.828 85.613 0
5929.688 86.265 0
5935.547 85.927 0
5941.406 85.575 0
5947.266 85.721 0
5953.125 85.377 0
5958.984 83.930 0
5964.844 83.666 0
5970.703 83.708 0
5976.562 85.499 0
5982.422 85.706 0
5988.281 86.389 0
5994.141 85.033 0
6000.000 85.231 0
6005.859 84.866 0
6011.719 83.466 0
6017.578 84.294 0
6023.438 84.243 0
6029.297 83.322 0
6035.156 84.638 0
6041.016 84.508 0
6046.875 85.336 0
6052.734 85.223 0
6058.594 85.038 0
6064.453 83.932 0
6070.312 84.651 0
6076.172 84.294 0
6082.031 84.440 0
6087.891 84.644 0
6093.750 84.837 0
6099.609 83.538 0
6105.469 83.624 0
6111.328 84.300 0
6117.188 84.912 0
6123.047 83.161 0
6128.906 82.002 0
6134.766 82.665 0
6140.625 84.419 0
6146.484 84.984 0
6152.344 82.071 0
6158.203 82.985 0
6164.062 83.272 0
6169.922 83.554 0
6175.781 84.305 0
6181.641 84.779 0
6187.500 83.802 0
6193.359 84.357 0
6199.219 84.303 0
6205.078 83.870 0
6210.938 84.176 0
6216.797 85.124 0
6222.656 86.119 0
6228.516 84.333 0
6234.375 83.849 0
6240.234 84.791 0
6246.094 83.989 0
6251.953 82.311 0
6257.812 84.333 0
6263.672 85.353 0
6269.531 83.426 0
6275.391 83.165 0
6281.250 82.953 0
6287.109 82.952 0
6292.969 83.245 0
6298.828 85.016 0
6304.688 84.003 0
6310.547 82.493 0
6316.406 80.596 0
6322.266 82.588 0
6328.125 83.250 0
6333.984 82.632 0
6339.844 83.309 0
6345.703 83.522 0
6351.562 82.608 0
6357.422 82.197 0
6363.281 82.305 0
6369.141 82.697 0
6375.000 83.101 0
6380.859 83.645 0
6386.719 83.115 0
6392.578 84.310 0
6398.438 83.845 0
6404.297 83.326 0
6410.156 83.203 0
6416.016 83.630 0
6421.875 83.106 0
6427.734 82.222 0
6433.594 83.731 0
6439.453 83.596 0
6445.312 83.785 0
6451.172 82.231 0
6457.031 82.837 0
6462.891 84.735 0
6468.750 83.871 0
6474.609 81.449 0
6480.469 83.362 0
6486.328 83.519 0
6492.188 82.634 0
6498.047 83.134 0
6503.906 83.347 0
6509.766 82.987 0
6515.625 83.351 0
6521.484 83.913 0
6527.344 83.534 0
6533.203 83.919 0
6539.062 83.710 0
6544.922 82.462 0
6550.781 83.448 0
6556.641 83.375 0
6562.500 82.298 0
6568.359 83.403 0
6574.219 84.722 0
6580.078 83.177 0
6585.938 82.615 0
6591.797 82.903 0
6597.656 83.655 0
6603.516 82.853 0
6609.375 82.966 0
6615.234 82.676 0
6621.094 81.472 0
6626.953 83.195 0
6632.812 83.337 0
6638.672 83.991 0
6644.531 84.485 0
6650.391 83.944 0
6656.250 82.838 0
6662.109 82.981 0
6667.969 83.790 0
6673.828 84.688 0
6679.688 84.839 0
6685.547 84.087 0
6691.406 84.125 0
6697.266 84.428 0
6703.125 83.529 0
6708.984 83.453 0
6714.844 83.018 0
6720.703 82.967 0
6726.562 82.669 0
6732.422 83.887 0
6738.281 83.856 0
6744.141 82.728 0
6750.000 83.093 0
6755.859 83.062 0
6761.719 84.268 0
6767.578 84.668 0
6773.438 84.383 0
6779.297 84.355 0
6785.156 83.843 0
6791.016 83.679 0
6796.875 83.841 0
6802.734 83.474 0
6808.594 83.940 0
6814.453 84.511 0
6820.312 83.898 0
6826.172 83.115 0
6832.031 83.229 0
6837.891 83.539 0
6843.750 83.932 0
6849.609 84.445 0
6855.469 82.236 0
6861.328 83.388 0
6867.188 83.394 0
6873.047 83.506 0
6878.906 83.009 0
6884.766 84.060 0
6890.625 82.641 0
6896.484 82.948 0
6902.344 82.514 0
6908.203 82.839 0
6914.062 83.922 0
6919.922 83.649 0
6925.781 84.395 0
6931.641 84.900 0
6937.500 84.082 0
6943.359 83.913 0
6949.219 84.914 0
6955.078 84.605 0
6960.938 84.788 0
6966.797 84.041 0
6972.656 84.217 0
6978.516 85.129 0
6984.375 85.012 0
6990.234 84.793 0
6996.094 83.336 0
7001.953 84.049 0
7007.812 84.007 0
7013.672 81.669 0
7019.531 83.031 0
7025.391 83.348 0
7031.250 84.504 0
7037.109 85.921 0
7042.969 84.746 0
7048.828 83.992 0
7054.688 83.161 0
7060.547 84.630 0
7066.406 84.683 0
7072.266 83.778 0
7078.125 84.821 0
7083.984 85.487 0
7089.844 84.656 0
7095.703 83.633 0
7101.562 83.120 0
7107.422 84.401 0
7113.281 84.115 0
7119.141 83.740 0
7125.000 84.333 0
7130.859 84.284 0
7136.719 84.601 0
7142.578 84.454 0
7148.438 84.357 0
7154.297 84.041 0
7160.156 83.403 0
7166.016 84.767 0
7171.875 83.618 0
7177.734 82.544 0
7183.594 83.717 0
7189.453 84.061 0
7195.312 83.735 0
7201.172 84.146 0
7207.031 84.249 0
7212.891 84.851 0
7218.750 85.494 0
7224.609 83.332 0
7230.469 83.492 0
7236.328 83.815 0
7242.188 84.817 0
7248.047 84.730 0
7253.906 84.665 0
7259.766 85.086 0
7265.625 83.573 0
7271.484 84.551 0
7277.344 85.505 0
7283.203 84.030 0
7289.062 83.738 0
7294.922 84.403 0
7300.781 85.153 0
7306.641 84.657 0
7312.500 83.091 0
7318.359 82.869 0
7324.219 84.147 0
7330.078 84.908 0
7335.938 84.581 0
7341.797 84.398 0
7347.656 83.275 0
7353.516 83.598 0
7359.375 84.425 0
7365.234 85.338 0
7371.094 84.092 0
7376.953 84.635 0
7382.812 85.248 0
7388.672 85.384 0
7394.531 85.346 0
7400.391 85.374 0
7406.250 83.741 0
7412.109 83.862 0
7417.969 84.051 0
7423.828 85.264 0
7429.688 83.276 0
7435.547 84.363 0
7441.406 84.241 0
7447.266 84.472 0
7453.125 84.601 0
7458.984 83.674 0
7464.844 84.302 0
7470.703 84.292 0
7476.562 84.640 0
7482.422 84.091 0
7488.281 84.499 0
7494.141 84.936 0
7500.000 85.047 0
7505.859 84.147 0
7511.719 83.615 0
7517.578 84.640 0
7523.438 85.373 0
7529.297 84.755 0
7535.156 84.422 0
7541.016 82.674 0
7546.875 84.287 0
7552.734 83.951 0
7558.594 85.091 0
7564.453 85.636 0
7570.312 85.878 0
7576.172 83.820 0
7582.031 82.944 0
7587.891 82.832 0
7593.750 84.490 0
7599.609 84.743 0
7605.469 85.436 0
7611.328 85.350 0
7617.188 85.538 0
7623.047 84.299 0
7628.906 84.246 0
7634.766 84.617 0
7640.625 83.530 0
7646.484 83.475 0
7652.344 82.874 0
7658.203 83.142 0
7664.062 84.613 0
7669.922 84.974 0
7675.781 85.298 0
7681.641 85.991 0
7687.500 84.147 0
7693.359 84.621 0
7699.219 85.482 0
7705.078 83.499 0
7710.938 84.245 0
7716.797 83.818 0
7722.656 84.161 0
7728.516 86.327 0
7734.375 86.699 0
7740.234 85.617 0
7746.094 85.605 0
7751.953 85.858 0
7757.812 84.956 0
7763.672 83.806 0
7769.531 84.214 0
7775.391 85.370 0
7781.250 85.000 0
7787.109 83.136 0
7792.969 83.545 0
7798.828 84.424 0
7804.688 84.317 0
7810.547 84.475 0
7816.406 85.363 0
7822.266 85.269 0
7828.125 84.884 0
7833.984 86.449 0
7839.844 85.501 0
7845.703 83.975 0
7851.562 83.590 0
7857.422 82.751 0
7863.281 84.459 0
7869.141 84.904 0
7875.000 81.790 0
7880.859 84.413 0
7886.719 84.892 0
7892.578 84.370 0
7898.438 85.116 0
7904.297 84.084 0
7910.156 85.056 0
7916.016 85.067 0
7921.875 84.070 0
7927.734 83.314 0
7933.594 82.481 0
7939.453 84.008 0
7945.312 84.960 0
7951.172 84.952 0
7957.031 84.186 0
7962.891 83.290 0
7968.750 84.777 0
7974.609 85.211 0
7980.469 84.357 0
7986.328 84.523 0
7992.188 85.245 0
7998.047 84.173 0
8003.906 85.449 0
8009.766 84.029 0
8015.625 83.606 0
8021.484 84.644 0
8027.344 85.129 0
8033.203 85.423 0
8039.062 85.670 0
8044.922 85.022 0
8050.781 83.932 0
8056.641 83.861 0
8062.500 83.305 0
8068.359 84.571 0
8074.219 83.735 0
8080.078 82.974 0
8085.938 84.271 0
8091.797 84.068 0
8097.656 83.766 0
8103.516 83.555 0
8109.375 83.757 0
8115.234 83.814 0
8121.094 84.261 0
8126.953 83.129 0
8132.812 83.921 0
8138.672 84.716 0
8144.531 85.966 0
8150.391 85.590 0
8156.250 84.922 0
8162.109 83.892 0
8167.969 84.036 0
8173.828 83.943 0
8179.688 84.060 0
8185.547 84.330 0
8191.406 84.130 0
8197.266 85.111 0
8203.125 85.403 0
8208.984 84.418 0
8214.844 84.502 0
8220.703 85.526 0
8226.562 85.988 0
8232.422 85.299 0
8238.281 85.219 0
8244.141 85.204 0
8250.000 85.604 0
8255.859 85.437 0
8261.719 85.210 0
8267.578 84.455 0
8273.438 84.441 0
8279.297 85.730 0
8285.156 86.435 0
8291.016 85.534 0
8296.875 85.629 0
8302.734 84.852 0
8308.594 84.376 0
8314.453 85.136 0
8320.312 85.321 0
8326.172 83.894 0
8332.031 84.723 0
8337.891 85.398 0
8343.750 84.988 0
8349.609 85.643 0
8355.469 85.904 0
8361.328 85.421 0
8367.188 85.318 0
8373.047 84.927 0
8378.906 86.108 0
8384.766 86.454 0
8390.625 85.259 0
8396.484 84.533 0
8402.344 84.750 0
8408.203 85.936 0
8414.062 86.061 0
8419.922 86.324 0
8425.781 84.628 0
8431.641 85.878 0
8437.500 85.314 0
8443.359 84.434 0
8449.219 85.922 0
8455.078 86.363 0
8460.938 85.780 0
8466.797 86.283 0
8472.656 85.793 0
8478.516 85.679 0
8484.375 85.514 0
8490.234 85.458 0
8496.094 86.721 0
8501.953 86.049 0
8507.812 84.738 0
8513.672 85.070 0
8519.531 85.346 0
8525.391 85.488 0
8531.250 86.429 0
8537.109 85.915 0
8542.969 84.653 0
8548.828 84.906 0
8554.688 86.061 0
8560.547 86.881 0
8566.406 86.441 0
8572.266 85.513 0
8578.125 85.305 0
8583.984 85.118 0
8589.844 86.238 0
8595.703 87.260 0
8601.562 85.588 0
8607.422 85.608 0
8613.281 85.451 0
8619.141 84.989 0
8625.000 85.766 0
8630.859 86.741 0
8636.719 86.663 0
8642.578 85.400 0
8648.438 86.098 0
8654.297 86.503 0
8660.156 85.179 0
8666.016 86.691 0
8671.875 87.244 0
8677.734 85.183 0
8683.594 86.304 0
8689.453 88.043 0
8695.312 86.960 0
8701.172 86.233 0
8707.031 86.862 0
8712.891 86.204 0
8718.750 86.047 0
8724.609 85.825 0
8730.469 85.715 0
8736.328 85.734 0
8742.188 84.965 0
8748.047 84.947 0
8753.906 85.708 0
8759.766 85.809 0
8765.625 84.667 0
8771.484 85.567 0
8777.344 85.940 0
8783.203 87.615 0
8789.062 86.457 0
8794.922 86.128 0
8800.781 87.605 0
8806.641 87.188 0
8812.500 85.165 0
8818.359 85.544 0
8824.219 86.234 0
8830.078 85.796 0
8835.938 85.765 0
8841.797 87.350 0
8847.656 86.654 0
8853.516 87.538 0
8859.375 85.558 0
8865.234 86.381 0
8871.094 87.173 0
8876.953 86.277 0
8882.812 86.482 0
8888.672 86.505 0
8894.531 85.817 0
8900.391 86.921 0
8906.250 87.490 0
8912.109 85.218 0
8917.969 86.615 0
8923.828 87.238 0
8929.688 84.959 0
8935.547 85.499 0
8941.406 87.024 0
8947.266 87.291 0
8953.125 86.229 0
8958.984 86.124 0
8964.844 86.774 0
8970.703 86.585 0
8976.562 87.294 0
8982.422 87.851 0
8988.281 87.543 0
8994.141 87.328 0
9000.000 87.648 0
9005.859 85.875 0
9011.719 84.953 0
9017.578 86.145 0
9023.438 87.873 0
9029.297 86.833 0
9035.156 87.266 0
9041.016 87.347 0
9046.875 87.148 0
9052.734 87.117 0
9058.594 87.250 0
9064.453 87.380 0
9070.312 86.521 0
9076.172 85.610 0
9082.031 87.009 0
9087.891 86.594 0
9093.750 85.922 0
9099.609 86.893 0
9105.469 85.890 0
9111.328 86.117 0
9117.188 86.113 0
9123.047 86.448 0
9128.906 87.242 0
9134.766 86.428 0
9140.625 86.384 0
9146.484 85.880 0
9152.344 86.828 0
9158.203 86.535 0
9164.062 87.330 0
9169.922 87.445 0
9175.781 87.553 0
9181.641 87.690 0
9187.500 86.330 0
9193.359 86.811 0
9199.219 87.756 0
9205.078 85.851 0
9210.938 87.140 0
9216.797 87.924 0
9222.656 87.625 0
9228.516 86.057 0
9234.375 87.083 0
9240.234 86.022 0
9246.094 86.180 0
9251.953 86.713 0
9257.812 86.590 0
9263.672 86.877 0
9269.531 86.823 0
9275.391 87.605 0
9281.250 87.522 0
9287.109 87.534 0
9292.969 86.631 0
9298.828 86.858 0
9304.688 86.939 0
9310.547 87.143 0
9316.406 86.967 0
9322.266 87.237 0
9328.125 86.536 0
9333.984 85.826 0
9339.844 86.075 0
9345.703 85.163 0
9351.562 85.923 0
9357.422 86.394 0
9363.281 85.339 0
9369.141 86.595 0
9375.000 85.706 0
9380.859 85.501 0
9386.719 85.657 0
9392.578 84.877 0
9398.438 86.214 0
9404.297 85.232 0
9410.156 84.652 0
9416.016 85.694 0
9421.875 86.545 0
9427.734 85.680 0
9433.594 85.967 0
9439.453 85.526 0
9445.312 85.027 0
9451.172 85.182 0
9457.031 86.011 0
9462.891 85.374 0
9468.750 86.195 0
9474.609 87.043 0
9480.469 86.033 0
9486.328 84.548 0
9492.188 85.967 0
9498.047 86.550 0
9503.906 86.213 0
9509.766 85.343 0
9515.625 85.101 0
9521.484 85.308 0
9527.344 85.501 0
9533.203 84.652 0
9539.062 84.119 0
9544.922 85.333 0
9550.781 84.969 0
9556.641 83.976 0
9562.500 83.553 0
9568.359 85.685 0
9574.219 85.625 0
9580.078 85.060 0
9585.938 85.425 0
9591.797 85.941 0
9597.656 85.398 0
9603.516 84.884 0
9609.375 85.643 0
9615.234 85.991 0
9621.094 85.217 0
9626.953 84.687 0
9632.812 84.250 0
9638.672 84.915 0
9644.531 85.786 0
9650.391 85.224 0
9656.250 85.148 0
9662.109 85.355 0
9667.969 86.529 0
9673.828 85.462 0
9679.688 84.948 0
9685.547 85.040 0
9691.406 83.384 0
9697.266 83.811 0
9703.125 84.803 0
9708.984 83.449 0
9714.844 83.094 0
9720.703 84.320 0
9726.562 84.120 0
9732.422 83.391 0
9738.281 82.666 0
9744.141 84.209 0
9750.000 84.099 0
9755.859 84.268 0
9761.719 84.226 0
9767.578 84.761 0
9773.438 83.627 0
9779.297 81.818 0
9785.156 83.178 0
9791.016 84.410 0
9796.875 85.070 0
9802.734 84.301 0
9808.594 83.154 0
9814.453 83.637 0
9820.312 83.159 0
9826.172 83.753 0
9832.031 83.236 0
9837.891 82.999 0
9843.750 82.002 0
9849.609 82.600 0
9855.469 82.121 0
9861.328 83.801 0
9867.188 84.668 0
9873.047 83.627 0
9878.906 82.749 0
9884.766 83.619 0
9890.625 83.670 0
9896.484 84.624 0
9902.344 84.763 0
9908.203 83.863 0
9914.062 83.785 0
9919.922 81.437 0
9925.781 81.726 0
9931.641 80.979 0
9937.500 81.384 0
9943.359 82.623 0
9949.219 83.118 0
9955.078 83.578 0
9960.938 83.421 0
9966.797 82.337 0
9972.656 82.393 0
9978.516 81.902 0
9984.375 81.624 0
9990.234 82.973 0
9996.094 83.207 0
10001.953 82.196 0
10007.812 82.446 0
10013.672 83.474 0
10019.531 83.636 0
10025.391 83.345 0
10031.250 82.666 0
10037.109 81.699 0
10042.969 83.101 0
10048.828 82.569 0
10054.688 81.606 0
10060.547 81.006 0
10066.406 81.629 0
10072.266 80.814 0
10078.125 82.075 0
10083.984 81.209 0
10089.844 81.112 0
10095.703 82.541 0
10101.562 82.047 0
10107.422 81.956 0
10113.281 83.145 0
10119.141 82.671 0
10125.000 81.442 0
10130.859 81.242 0
10136.719 82.036 0
10142.578 80.937 0
10148.438 82.480 0
10154.297 82.419 0
10160.156 81.703 0
10166.016 81.886 0
10171.875 82.259 0
10177.734 83.183 0
10183.594 84.210 0
10189.453 84.258 0
10195.312 82.613 0
10201.172 82.347 0
10207.031 82.276 0
10212.891 81.392 0
10218.750 81.860 0
10224.609 81.998 0
10230.469 82.583 0
10236.328 82.980 0
10242.188 81.671 0
10248.047 81.774 0
10253.906 82.128 0
10259.766 80.956 0
10265.625 80.847 0
10271.484 82.036 0
10277.344 81.791 0
10283.203 81.029 0
10289.062 81.915 0
10294.922 82.046 0
10300.781 82.658 0
10306.641 82.346 0
10312.500 81.798 0
10318.359 82.392 0
10324.219 82.058 0
10330.078 80.840 0
10335.938 81.814 0
10341.797 81.875 0
10347.656 81.632 0
10353.516 80.959 0
10359.375 81.880 0
10365.234 81.288 0
10371.094 82.755 0
10376.953 82.702 0
10382.812 81.578 0
10388.672 81.999 0
10394.531 82.424 0
10400.391 82.375 0
10406.250 82.083 0
10412.109 82.037 0
10417.969 80.559 0
10423.828 80.710 0
10429.688 81.937 0
10435.547 81.483 0
10441.406 80.670 0
10447.266 81.054 0
10453.125 82.184 0
10458.984 82.711 0
10464.844 81.971 0
10470.703 80.391 0
10476.562 80.372 0
10482.422 82.135 0
10488.281 80.925 0
10494.141 79.159 0
10500.000 81.265 0
10505.859 81.519 0
10511.719 80.018 0
10517.578 80.259 0
10523.438 80.759 0
10529.297 79.954 0
10535.156 79.271 0
10541.016 80.953 0
10546.875 81.796 0
10552.734 81.488 0
10558.594 79.573 0
10564.453 80.685 0
10570.312 81.643 0
10576.172 81.594 0
10582.031 79.648 0
10587.891 80.588 0
10593.750 79.815 0
10599.609 80.613 0
10605.469 81.539 0
10611.328 80.991 0
10617.188 80.197 0
10623.047 79.968 0
10628.906 82.312 0
10634.766 82.321 0
10640.625 81.782 0
10646.484 80.825 0
10652.344 81.245 0
10658.203 80.682 0
10664.062 80.023 0
10669.922 79.169 0
10675.781 79.222 0
10681.641 79.869 0
10687.500 79.031 0
10693.359 79.806 0
10699.219 80.106 0
10705.078 80.408 0
10710.938 80.003 0
10716.797 79.898 0
10722.656 81.251 0
10728.516 80.926 0
10734.375 79.701 0
10740.234 79.865 0
10746.094 80.549 0
10751.953 80.385 0
10757.812 79.926 0
10763.672 80.778 0
10769.531 80.513 0
10775.391 79.531 0
10781.250 81.222 0
10787.109 81.011 0
10792.969 79.582 0
10798.828 80.456 0
10804.688 81.220 0
10810.547 80.734 0
10816.406 80.704 0
10822.266 80.850 0
10828.125 80.144 0
10833.984 79.474 0
10839.844 79.558 0
10845.703 79.658 0
10851.562 78.171 0
10857.422 79.167 0
10863.281 79.555 0
10869.141 79.677 0
10875.000 79.227 0
10880.859 80.593 0
10886.719 79.401 0
10892.578 78.667 0
10898.438 78.357 0
10904.297 78.233 0
10910.156 77.416 0
10916.016 78.411 0
10921.875 79.063 0
10927.734 78.591 0
10933.594 79.177 0
10939.453 79.105 0
10945.312 78.989 0
10951.172 79.465 0
10957.031 77.844 0
10962.891 77.809 0
10968.750 77.811 0
10974.609 78.672 0
10980.469 78.384 0
10986.328 79.368 0
10992.188 78.710 0
10998.047 78.282 0
11003.906 77.709 0
11009.766 78.836 0
11015.625 79.143 0
11021.484 79.108 0
11027.344 78.032 0
11033.203 77.307 0
11039.062 78.286 0
11044.922 78.847 0
11050.781 78.993 0
11056.641 79.800 0
11062.500 78.659 0
11068.359 77.972 0
11074.219 78.590 0
11080.078 78.222 0
11085.938 77.386 0
11091.797 77.531 0
11097.656 79.452 0
11103.516 78.313 0
11109.375 77.179 0
11115.234 78.337 0
11121.094 77.684 0
11126.953 77.509 0
11132.812 76.082 0
11138.672 76.704 0
11144.531 77.972 0
11150.391 78.032 0
11156.250 78.002 0
11162.109 77.726 0
11167.969 77.309 0
11173.828 78.334 0
11179.688 79.227 0
11185.547 78.672 0
11191.406 77.989 0
11197.266 78.790 0
11203.125 80.101 0
11208.984 78.665 0
11214.844 79.473 0
11220.703 78.469 0
11226.562 78.068 0
11232.422 78.293 0
11238.281 78.198 0
11244.141 77.999 0
11250.000 78.414 0
11255.859 79.302 0
11261.719 78.431 0
11267.578 78.284 0
11273.438 77.339 0
11279.297 78.348 0
11285.156 77.916 0
11291.016 77.422 0
11296.875 76.789 0
11302.734 77.325 0
11308.594 78.485 0
11314.453 78.155 0
11320.312 76.263 0
11326.172 76.894 0
11332.031 77.690 0
11337.891 78.007 0
11343.750 77.697 0
11349.609 78.403 0
11355.469 77.431 0
11361.328 76.782 0
11367.188 78.149 0
11373.047 78.858 0
11378.906 78.742 0
11384.766 77.508 0
11390.625 78.187 0
11396.484 78.361 0
11402.344 77.458 0
11408.203 77.316 0
11414.062 77.402 0
11419.922 78.049 0
11425.781 79.086 0
11431.641 78.577 0
11437.500 77.853 0
11443.359 79.075 0
11449.219 78.588 0
11455.078 76.428 0
11460.938 77.063 0
11466.797 77.097 0
11472.656 77.513 0
11478.516 78.368 0
11484.375 78.040 0
11490.234 77.562 0
11496.094 77.928 0
11501.953 78.696 0
11507.812 78.707 0
11513.672 78.912 0
11519.531 78.335 0
11525.391 79.349 0
11531.250 79.265 0
11537.109 78.459 0
11542.969 78.913 0
11548.828 79.334 0
11554.688 78.415 0
11560.547 78.693 0
11566.406 77.642 0
11572.266 77.044 0
11578.125 78.105 0
11583.984 78.365 0
11589.844 78.525 0
11595.703 78.547 0
11601.562 77.854 0
11607.422 78.396 0
11613.281 78.479 0
11619.141 78.322 0
11625.000 78.638 0
11630.859 78.253 0
11636.719 79.424 0
11642.578 79.424 0
11648.438 78.637 0
11654.297 79.015 0
11660.156 79.031 0
11666.016 78.832 0
11671.875 79.193 0
11677.734 78.788 0
11683.594 78.535 0
11689.453 78.584 0
11695.312 78.132 0
11701.172 78.280 0
11707.031 77.941 0
11712.891 77.793 0
11718.750 78.932 0
11724.609 78.319 0
11730.469 78.003 0
11736.328 78.007 0
11742.188 77.863 0
11748.047 78.843 0
11753.906 77.293 0
11759.766 78.776 0
11765.625 80.026 0
11771.484 78.805 0
11777.344 79.487 0
11783.203 79.819 0
11789.062 79.122 0
11794.922 78.567 0
11800.781 78.314 0
11806.641 79.862 0
11812.500 79.704 0
11818.359 79.151 0
11824.219 78.396 0
11830.078 78.285 0
11835.938 78.729 0
11841.797 80.804 0
11847.656 79.563 0
11853.516 79.122 0
11859.375 79.157 0
11865.234 78.973 0
11871.094 78.478 0
11876.953 77.045 0
11882.812 78.522 0
11888.672 78.459 0
11894.531 78.446 0
11900.391 81.097 0
11906.250 80.270 0
11912.109 79.515 0
11917.969 79.247 0
11923.828 77.922 0
11929.688 78.784 0
11935.547 79.139 0
11941.406 79.090 0
11947.266 77.611 0
11953.125 77.735 0
11958.984 79.636 0
11964.844 78.648 0
11970.703 79.109 0
11976.562 79.491 0
11982.422 80.033 0
11988.281 79.944 0
11994.141 78.567 0
12000.000 78.854 0
12005.859 78.822 0
12011.719 77.857 0
12017.578 79.736 0
12023.438 80.045 0
12029.297 78.677 0
12035.156 79.410 0
12041.016 79.782 0
12046.875 80.073 0
12052.734 79.191 0
12058.594 78.090 0
12064.453 79.057 0
12070.312 79.959 0
12076.172 80.107 0
12082.031 78.962 0
12087.891 79.016 0
12093.750 78.946 0
12099.609 79.095 0
12105.469 78.732 0
12111.328 79.190 0
12117.188 80.032 0
12123.047 79.752 0
12128.906 80.103 0
12134.766 78.218 0
12140.625 79.768 0
12146.484 79.456 0
12152.344 76.881 0
12158.203 78.476 0
12164.062 78.116 0
12169.922 77.190 0
12175.781 78.394 0
12181.641 79.516 0
12187.500 78.880 0
12193.359 78.409 0
12199.219 78.836 0
12205.078 78.760 0
12210.938 78.647 0
12216.797 77.137 0
12222.656 78.307 0
12228.516 78.858 0
12234.375 79.616 0
12240.234 79.082 0
12246.094 78.421 0
12251.953 77.238 0
12257.812 77.651 0
12263.672 78.845 0
12269.531 78.777 0
12275.391 79.258 0
12281.250 78.538 0
12287.109 77.916 0
12292.969 78.017 0
12298.828 77.994 0
12304.688 78.283 0
12310.547 79.155 0
12316.406 79.685 0
12322.266 79.055 0
12328.125 78.367 0
12333.984 78.314 0
12339.844 77.645 0
12345.703 77.478 0
12351.562 77.943 0
12357.422 77.178 0
12363.281 77.249 0
12369.141 79.634 0
12375.000 79.105 0
12380.859 78.876 0
12386.719 78.121 0
12392.578 78.357 0
12398.438 79.369 0
12404.297 78.095 0
12410.156 77.967 0
12416.016 77.604 0
12421.875 78.202 0
12427.734 78.196 0
12433.594 78.342 0
12439.453 78.503 0
12445.312 78.128 0
12451.172 78.226 0
12457.031 77.264 0
12462.891 77.268 0
12468.750 78.084 0
12474.609 78.577 0
12480.469 79.246 0
12486.328 78.281 0
12492.188 77.501 0
12498.047 77.111 0
12503.906 77.051 0
12509.766 76.327 0
12515.625 76.743 0
12521.484 78.855 0
12527.344 78.415 0
12533.203 77.693 0
12539.062 77.835 0
12544.922 75.141 0
12550.781 76.626 0
12556.641 78.506 0
12562.500 78.494 0
12568.359 77.925 0
12574.219 78.278 0
12580.078 77.906 0
12585.938 77.460 0
12591.797 77.657 0
12597.656 77.797 0
12603.516 77.390 0
12609.375 76.294 0
12615.234 77.626 0
12621.094 77.771 0
12626.953 77.145 0
12632.812 77.510 0
12638.672 77.864 0
12644.531 77.819 0
12650.391 77.135 0
12656.250 77.422 0
12662.109 77.067 0
12667.969 78.720 0
12673.828 79.294 0
12679.688 76.996 0
12685.547 77.096 0
12691.406 76.948 0
12697.266 77.375 0
12703.125 78.487 0
12708.984 79.315 0
12714.844 78.302 0
12720.703 77.853 0
12726.562 77.482 0
12732.422 78.631 0
12738.281 78.571 0
12744.141 79.075 0
12750.000 77.097 0
12755.859 75.972 0
12761.719 78.455 0
12767.578 78.261 0
12773.438 78.181 0
12779.297 78.348 0
12785.156 79.394 0
12791.016 78.746 0
12796.875 78.870 0
12802.734 78.548 0
12808.594 78.265 0
12814.453 79.329 0
12820.312 78.949 0
12826.172 78.200 0
12832.031 78.035 0
12837.891 77.375 0
12843.750 76.910 0
12849.609 77.507 0
12855.469 76.536 0
12861.328 77.738 0
12867.188 77.132 0
12873.047 77.988 0
12878.906 78.642 0
12884.766 78.405 0
12890.625 75.713 0
12896.484 77.180 0
12902.344 77.519 0
12908.203 74.934 0
12914.062 76.738 0
12919.922 77.615 0
12925.781 77.517 0
12931.641 76.704 0
12937.500 78.538 0
12943.359 78.988 0
12949.219 77.810 0
12955.078 76.818 0
12960.938 76.927 0
12966.797 76.779 0
12972.656 76.436 0
12978.516 77.317 0
12984.375 77.461 0
12990.234 76.559 0
12996.094 77.381 0
13001.953 78.534 0
13007.812 77.124 0
13013.672 76.657 0
13019.531 75.784 0
13025.391 78.326 0
13031.250 77.338 0
13037.109 77.256 0
13042.969 76.586 0
13048.828 77.164 0
13054.688 76.135 0
13060.547 76.386 0
13066.406 76.285 0
13072.266 75.970 0
13078.125 75.761 0
13083.984 77.019 0
13089.844 75.703 0
13095.703 77.642 0
13101.562 77.904 0
13107.422 77.038 0
13113.281 78.265 0
13119.141 77.691 0
13125.000 77.717 0
13130.859 76.071 0
13136.719 75.936 0
13142.578 75.506 0
13148.438 77.203 0
13154.297 77.561 0
13160.156 77.005 0
13166.016 76.747 0
13171.875 75.806 0
13177.734 76.408 0
13183.594 77.155 0
13189.453 76.448 0
13195.312 76.419 0
13201.172 76.962 0
13207.031 77.300 0
13212.891 77.453 0
13218.750 75.653 0
13224.609 76.404 0
13230.469 75.382 0
13236.328 75.739 0
13242.188 76.846 0
13248.047 76.746 0
13253.906 77.661 0
13259.766 77.906 0
13265.625 77.129 0
13271.484 75.793 0
13277.344 77.312 0
13283.203 76.014 0
13289.062 77.394 0
13294.922 78.464 0
13300.781 77.767 0
13306.641 75.704 0
13312.500 75.759 0
13318.359 75.261 0
13324.219 76.603 0
13330.078 76.443 0
13335.938 76.910 0
13341.797 75.903 0
13347.656 75.632 0
13353.516 76.179 0
13359.375 77.593 0
13365.234 77.494 0
13371.094 76.715 0
13376.953 75.491 0
13382.812 74.580 0
13388.672 75.574 0
13394.531 77.001 0
13400.391 78.111 0
13406.250 78.392 0
13412.109 76.969 0
13417.969 75.404 0
13423.828 75.601 0
13429.688 75.526 0
13435.547 74.988 0
13441.406 76.083 0
13447.266 76.421 0
13453.125 75.100 0
13458.984 74.042 0
13464.844 74.172 0
13470.703 74.784 0
13476.562 75.217 0
13482.422 75.622 0
13488.281 74.889 0
13494.141 75.236 0
13500.000 75.748 0
13505.859 75.732 0
13511.719 74.951 0
13517.578 74.170 0
13523.438 74.293 0
13529.297 75.630 0
13535.156 75.034 0
13541.016 74.826 0
13546.875 75.805 0
13552.734 75.165 0
13558.594 73.586 0
13564.453 73.771 0
13570.312 74.854 0
13576.172 76.084 0
13582.031 74.955 0
13587.891 74.754 0
13593.750 76.433 0
13599.609 76.955 0
13605.469 76.160 0
13611.328 75.807 0
13617.188 74.954 0
13623.047 73.299 0
13628.906 72.686 0
13634.766 73.897 0
13640.625 74.147 0
13646.484 73.718 0
13652.344 74.656 0
13658.203 74.140 0
13664.062 75.945 0
13669.922 75.319 0
13675.781 75.245 0
13681.641 74.555 0
13687.500 74.691 0
13693.359 74.918 0
13699.219 75.583 0
13705.078 75.775 0
13710.938 75.011 0
13716.797 74.461 0
13722.656 74.089 0
13728.516 73.762 0
13734.375 74.827 0
13740.234 74.233 0
13746.094 73.362 0
13751.953 74.175 0
13757.812 74.066 0
13763.672 74.238 0
13769.531 73.447 0
13775.391 72.606 0
13781.250 71.884 0
13787.109 73.697 0
13792.969 74.254 0
13798.828 73.189 0
13804.688 73.687 0
13810.547 75.271 0
13816.406 75.246 0
13822.266 73.670 0
13828.125 72.695 0
13833.984 73.035 0
13839.844 73.947 0
13845.703 73.679 0
13851.562 72.922 0
13857.422 72.198 0
13863.281 72.474 0
13869.141 71.438 0
13875.000 72.478 0
13880.859 73.943 0
13886.719 73.342 0
13892.578 73.150 0
13898.438 71.923 0
13904.297 73.513 0
13910.156 73.596 0
13916.016 73.141 0
13921.875 73.565 0
13927.734 73.217 0
13933.594 73.585 0
13939.453 73.890 0
13945.312 73.180 0
13951.172 73.688 0
13957.031 74.523 0
13962.891 71.852 0
13968.750 72.220 0
13974.609 72.428 0
13980.469 72.770 0
13986.328 73.562 0
13992.188 73.835 0
13998.047 73.747 0
14003.906 70.565 0
14009.766 72.196 0
14015.625 73.851 0
14021.484 74.025 0
14027.344 73.244 0
14033.203 72.999 0
14039.062 73.957 0
14044.922 74.449 0
14050.781 73.615 0
14056.641 74.025 0
14062.500 73.183 0
14068.359 72.593 0
14074.219 73.037 0
14080.078 74.138 0
14085.938 73.798 0
14091.797 72.842 0
14097.656 72.499 0
14103.516 72.428 0
14109.375 72.878 0
14115.234 72.898 0
14121.094 72.594 0
14126.953 72.489 0
14132.812 73.020 0
14138.672 72.641 0
14144.531 73.161 0
14150.391 73.868 0
14156.250 73.578 0
14162.109 73.557 0
14167.969 72.198 0
14173.828 70.821 0
14179.688 71.583 0
14185.547 72.854 0
14191.406 73.595 0
14197.266 73.041 0
14203.125 71.504 0
14208.984 72.253 0
14214.844 72.038 0
14220.703 72.557 0
14226.562 72.809 0
14232.422 73.665 0
14238.281 74.146 0
14244.141 73.685 0
14250.000 73.557 0
14255.859 73.189 0
14261.719 73.535 0
14267.578 73.066 0
14273.438 72.500 0
14279.297 71.807 0
14285.156 72.391 0
14291.016 72.257 0
14296.875 72.444 0
14302.734 70.823 0
14308.594 72.240 0
14314.453 72.399 0
14320.312 73.277 0
14326.172 74.162 0
14332.031 73.175 0
14337.891 72.152 0
14343.750 72.190 0
14349.609 72.890 0
14355.469 72.798 0
14361.328 73.205 0
14367.188 72.127 0
14373.047 72.905 0
14378.906 72.471 0
14384.766 73.145 0
14390.625 72.533 0
14396.484 72.886 0
14402.344 72.874 0
14408.203 71.435 0
14414.062 71.071 0
14419.922 71.715 0
14425.781 72.686 0
14431.641 72.492 0
14437.500 74.037 0
14443.359 73.772 0
14449.219 72.456 0
14455.078 72.331 0
14460.938 72.661 0
14466.797 73.966 0
14472.656 72.902 0
14478.516 70.848 0
14484.375 72.249 0
14490.234 73.729 0
14496.094 73.590 0
14501.953 72.351 0
14507.812 71.444 0
14513.672 70.719 0
14519.531 71.320 0
14525.391 72.678 0
14531.250 72.456 0
14537.109 72.878 0
14542.969 73.050 0
14548.828 72.743 0
14554.688 71.548 0
14560.547 70.495 0
14566.406 70.334 0
14572.266 71.749 0
14578.125 72.377 0
14583.984 71.684 0
14589.844 71.995 0
14595.703 73.477 0
14601.562 72.427 0
14607.422 71.645 0
14613.281 70.490 0
14619.141 70.525 0
14625.000 71.237 0
14630.859 70.970 0
14636.719 72.454 0
14642.578 72.514 0
14648.438 72.680 0
14654.297 72.051 0
14660.156 70.924 0
14666.016 71.080 0
14671.875 71.818 0
14677.734 71.903 0
14683.594 72.263 0
14689.453 70.981 0
14695.312 70.061 0
14701.172 71.147 0
14707.031 72.229 0
14712.891 72.082 0
14718.750 71.051 0
14724.609 72.050 0
14730.469 71.637 0
14736.328 70.930 0
14742.188 70.407 0
14748.047 71.102 0
14753.906 71.468 0
14759.766 70.772 0
14765.625 70.551 0
14771.484 70.766 0
14777.344 69.704 0
14783.203 70.852 0
14789.062 71.439 0
14794.922 70.639 0
14800.781 70.222 0
14806.641 70.644 0
14812.500 70.532 0
14818.359 71.313 0
14824.219 71.760 0
14830.078 71.322 0
14835.938 70.628 0
14841.797 70.578 0
14847.656 70.169 0
14853.516 69.635 0
14859.375 71.737 0
14865.234 72.047 0
14871.094 71.058 0
14876.953 71.140 0
14882.812 71.510 0
14888.672 71.483 0
14894.531 70.932 0
14900.391 71.229 0
14906.250 71.393 0
14912.109 70.168 0
14917.969 70.386 0
14923.828 72.067 0
14929.688 70.851 0
14935.547 69.558 0
14941.406 69.292 0
14947.266 69.913 0
14953.125 71.642 0
14958.984 70.143 0
14964.844 68.823 0
14970.703 69.896 0
14976.562 70.984 0
14982.422 69.851 0
14988.281 69.889 0
14994.141 69.987 0
15000.000 70.029 0
15005.859 70.381 0
15011.719 71.446 0
15017.578 70.953 0
15023.438 70.334 0
15029.297 71.313 0
15035.156 71.640 0
15041.016 70.091 0
15046.875 70.159 0
15052.734 71.401 0
15058.594 71.453 0
15064.453 71.330 0
15070.312 70.865 0
15076.172 68.379 0
15082.031 70.715 0
15087.891 70.988 0
15093.750 70.838 0
15099.609 68.132 0
15105.469 68.254 0
15111.328 70.379 0
15117.188 71.337 0
15123.047 71.149 0
15128.906 71.567 0
15134.766 70.442 0
15140.625 69.803 0
15146.484 69.165 0
15152.344 68.169 0
15158.203 69.101 0
15164.062 68.924 0
15169.922 69.786 0
15175.781 69.711 0
15181.641 69.725 0
15187.500 68.899 0
15193.359 69.361 0
15199.219 68.568 0
15205.078 69.093 0
15210.938 70.294 0
15216.797 69.922 0
15222.656 70.045 0
15228.516 70.104 0
15234.375 69.198 0
15240.234 68.939 0
15246.094 69.472 0
15251.953 70.519 0
15257.812 70.508 0
15263.672 70.186 0
15269.531 70.272 0
15275.391 67.736 0
15281.250 68.859 0
15287.109 69.115 0
15292.969 68.623 0
15298.828 69.080 0
15304.688 68.943 0
15310.547 69.290 0
15316.406 68.824 0
15322.266 68.867 0
15328.125 69.024 0
15333.984 69.132 0
15339.844 66.624 0
15345.703 68.126 0
15351.562 69.131 0
15357.422 68.174 0
15363.281 68.582 0
15369.141 68.613 0
15375.000 68.369 0
15380.859 68.702 0
15386.719 67.377 0
15392.578 67.983 0
15398.438 68.077 0
15404.297 68.136 0
15410.156 67.588 0
15416.016 67.291 0
15421.875 68.724 0
15427.734 69.331 0
15433.594 68.517 0
15439.453 67.674 0
15445.312 67.859 0
15451.172 68.333 0
15457.031 69.245 0
15462.891 69.139 0
15468.750 68.484 0
15474.609 66.338 0
15480.469 66.884 0
15486.328 66.584 0
15492.188 68.439 0
15498.047 70.088 0
15503.906 67.930 0
15509.766 68.944 0
15515.625 68.983 0
15521.484 67.922 0
15527.344 68.377 0
15533.203 67.673 0
15539.062 67.572 0
15544.922 68.311 0
15550.781 68.172 0
15556.641 67.242 0
15562.500 67.585 0
15568.359 68.207 0
15574.219 68.385 0
15580.078 68.447 0
15585.938 68.661 0
15591.797 69.301 0
15597.656 68.850 0
15603.516 67.203 0
15609.375 68.338 0
15615.234 67.652 0
15621.094 68.083 0
15626.953 67.770 0
15632.812 69.518 0
15638.672 68.356 0
15644.531 67.405 0
15650.391 68.154 0
15656.250 68.256 0
15662.109 68.254 0
15667.969 68.085 0
15673.828 67.819 0
15679.688 67.493 0
15685.547 67.416 0
15691.406 68.572 0
15697.266 69.903 0
15703.125 69.334 0
15708.984 68.217 0
15714.844 67.588 0
15720.703 67.388 0
15726.562 68.772 0
15732.422 69.841 0
15738.281 69.325 0
15744.141 68.136 0
15750.000 67.244 0
15755.859 67.742 0
15761.719 68.496 0
15767.578 68.427 0
15773.438 68.559 0
15779.297 69.298 0
15785.156 68.246 0
15791.016 66.819 0
15796.875 67.426 0
15802.734 68.802 0
15808.594 69.181 0
15814.453 69.583 0
15820.312 68.533 0
15826.172 67.785 0
15832.031 68.356 0
15837.891 68.796 0
15843.750 67.790 0
15849.609 68.974 0
15855.469 69.879 0
15861.328 69.673 0
15867.188 68.570 0
15873.047 68.318 0
15878.906 68.536 0
15884.766 67.938 0
15890.625 68.634 0
15896.484 68.466 0
15902.344 69.659 0
15908.203 70.556 0
15914.062 69.953 0
15919.922 69.498 0
15925.781 69.057 0
15931.641 69.426 0
15937.500 69.963 0
15943.359 68.742 0
15949.219 67.848 0
15955.078 68.588 0
15960.938 67.765 0
15966.797 67.253 0
15972.656 68.535 0
15978.516 68.428 0
15984.375 68.277 0
15990.234 68.724 0
15996.094 68.916 0
16001.953 69.146 0
16007.812 67.931 0
16013.672 68.689 0
16019.531 69.589 0
16025.391 68.932 0
16031.250 68.553 0
16037.109 67.779 0
16042.969 67.171 0
16048.828 67.851 0
16054.688 67.421 0
16060.547 68.160 0
16066.406 68.545 0
16072.266 69.152 0
16078.125 68.835 0
16083.984 68.291 0
16089.844 68.521 0
16095.703 67.939 0
16101.562 68.087 0
16107.422 68.882 0
16113.281 70.102 0
16119.141 69.496 0
16125.000 68.035 0
16130.859 68.304 0
16136.719 68.877 0
16142.578 67.930 0
16148.438 68.346 0
16154.297 68.450 0
16160.156 67.501 0
16166.016 68.305 0
16171.875 67.779 0
16177.734 67.526 0
16183.594 68.508 0
16189.453 68.664 0
16195.312 68.687 0
16201.172 68.073 0
16207.031 66.394 0
16212.891 66.265 0
16218.750 66.891 0
16224.609 66.788 0
16230.469 68.390 0
16236.328 68.318 0
16242.188 67.759 0
16248.047 69.166 0
16253.906 67.923 0
16259.766 67.277 0
16265.625 67.208 0
16271.484 67.162 0
16277.344 67.046 0
16283.203 67.341 0
16289.062 67.016 0
16294.922 66.809 0
16300.781 67.956 0
16306.641 69.076 0
16312.500 67.493 0
16318.359 67.547 0
16324.219 67.607 0
16330.078 67.486 0
16335.938 66.758 0
16341.797 66.956 0
16347.656 67.162 0
16353.516 66.218 0
16359.375 67.832 0
16365.234 67.626 0
16371.094 67.415 0
16376.953 66.464 0
16382.812 66.585 0
16388.672 66.066 0
16394.531 67.285 0
16400.391 68.051 0
16406.250 67.553 0
16412.109 66.445 0
16417.969 66.245 0
16423.828 67.055 0
16429.688 66.239 0
16435.547 67.124 0
16441.406 67.391 0
16447.266 66.180 0
16453.125 64.475 0
16458.984 66.045 0
16464.844 65.381 0
16470.703 66.458 0
16476.562 67.320 0
16482.422 66.386 0
16488.281 66.695 0
16494.141 67.482 0
16500.000 66.990 0
16505.859 66.162 0
16511.719 65.921 0
16517.578 66.354 0
16523.438 66.512 0
16529.297 67.988 0
16535.156 67.224 0
16541.016 66.717 0
16546.875 66.400 0
16552.734 67.569 0
16558.594 67.514 0
16564.453 66.907 0
16570.312 66.059 0
16576.172 65.120 0
16582.031 66.670 0
16587.891 66.485 0
16593.750 66.509 0
16599.609 66.562 0
16605.469 66.129 0
16611.328 66.422 0
16617.188 66.661 0
16623.047 67.113 0
16628.906 65.158 0
16634.766 65.822 0
16640.625 65.525 0
16646.484 66.303 0
16652.344 66.844 0
16658.203 66.598 0
16664.062 66.329 0
16669.922 65.886 0
16675.781 66.238 0
16681.641 66.148 0
16687.500 65.161 0
16693.359 65.946 0
16699.219 65.677 0
16705.078 64.841 0
16710.938 65.486 0
16716.797 66.080 0
16722.656 65.541 0
16728.516 64.607 0
16734.375 66.409 0
16740.234 66.092 0
16746.094 66.927 0
16751.953 66.405 0
16757.812 64.802 0
16763.672 66.373 0
16769.531 66.828 0
16775.391 65.334 0
16781.250 63.552 0
16787.109 64.431 0
16792.969 65.500 0
16798.828 65.349 0
16804.688 65.470 0
16810.547 64.965 0
16816.406 65.319 0
16822.266 64.978 0
16828.125 65.386 0
16833.984 65.473 0
16839.844 65.288 0
16845.703 64.337 0
16851.562 65.015 0
16857.422 64.929 0
16863.281 64.894 0
16869.141 64.682 0
16875.000 63.673 0
16880.859 62.827 0
16886.719 63.521 0
16892.578 65.011 0
16898.438 65.533 0
16904.297 64.302 0
16910.156 64.349 0
16916.016 64.696 0
16921.875 63.634 0
16927.734 63.577 0
16933.594 64.585 0
16939.453 64.045 0
16945.312 64.007 0
16951.172 65.166 0
16957.031 65.723 0
16962.891 64.752 0
16968.750 64.180 0
16974.609 65.584 0
16980.469 64.812 0
16986.328 62.861 0
16992.188 62.761 0
16998.047 64.183 0
17003.906 64.075 0
17009.766 64.352 0
17015.625 63.555 0
17021.484 62.380 0
17027.344 62.842 0
17033.203 62.720 0
17039.062 64.143 0
17044.922 62.935 0
17050.781 63.977 0
17056.641 63.722 0
17062.500 63.087 0
17068.359 62.582 0
17074.219 62.599 0
17080.078 63.403 0
17085.938 62.364 0
17091.797 62.075 0
17097.656 61.704 0
17103.516 62.971 0
17109.375 62.846 0
17115.234 62.236 0
17121.094 62.012 0
17126.953 61.981 0
17132.812 62.261 0
17138.672 62.346 0
17144.531 63.159 0
17150.391 61.898 0
17156.250 61.401 0
17162.109 61.474 0
17167.969 62.248 0
17173.828 62.993 0
17179.688 61.104 0
17185.547 62.083 0
17191.406 62.742 0
17197.266 63.243 0
17203.125 63.401 0
17208.984 61.998 0
17214.844 61.416 0
17220.703 61.905 0
17226.562 61.697 0
17232.422 61.551 0
17238.281 60.696 0
17244.141 61.193 0
17250.000 61.162 0
17255.859 62.778 0
17261.719 61.433 0
17267.578 61.530 0
17273.438 60.279 0
17279.297 61.055 0
17285.156 61.467 0
17291.016 60.862 0
17296.875 60.788 0
17302.734 61.327 0
17308.594 61.600 0
17314.453 60.905 0
17320.312 60.134 0
17326.172 60.730 0
17332.031 61.236 0
17337.891 60.614 0
17343.750 60.441 0
17349.609 59.790 0
17355.469 59.231 0
17361.328 59.799 0
17367.188 59.838 0
17373.047 60.062 0
17378.906 61.136 0
17384.766 61.021 0
17390.625 61.251 0
17396.484 60.589 0
17402.344 58.095 0
17408.203 59.142 0
17414.062 59.846 0
17419.922 60.268 0
17425.781 60.519 0
17431.641 59.616 0
17437.500 59.479 0
17443.359 60.184 0
17449.219 60.142 0
17455.078 60.956 0
17460.938 60.893 0
17466.797 59.975 0
17472.656 59.411 0
17478.516 59.340 0
17484.375 59.519 0
17490.234 58.767 0
17496.094 58.900 0
17501.953 60.945 0
17507.812 60.014 0
17513.672 60.450 0
17519.531 59.095 0
17525.391 59.407 0
17531.250 60.192 0
17537.109 59.255 0
17542.969 57.185 0
17548.828 57.425 0
17554.688 59.032 0
17560.547 58.253 0
17566.406 59.390 0
17572.266 59.331 0
17578.125 58.980 0
17583.984 58.384 0
17589.844 59.792 0
17595.703 60.386 0
17601.562 59.319 0
17607.422 59.488 0
17613.281 58.733 0
17619.141 57.509 0
17625.000 58.227 0
17630.859 59.437 0
17636.719 58.896 0
17642.578 59.896 0
17648.438 58.464 0
17654.297 59.254 0
17660.156 59.030 0
17666.016 59.931 0
17671.875 59.790 0
17677.734 59.964 0
17683.594 59.658 0
17689.453 60.192 0
17695.312 60.558 0
17701.172 59.722 0
17707.031 58.679 0
17712.891 58.138 0
17718.750 59.118 0
17724.609 58.704 0
17730.469 58.308 0
17736.328 59.516 0
17742.188 59.490 0
17748.047 58.329 0
17753.906 59.600 0
17759.766 59.853 0
17765.625 58.446 0
17771.484 58.824 0
17777.344 58.233 0
17783.203 59.223 0
17789.062 59.075 0
17794.922 57.814 0
17800.781 58.160 0
17806.641 58.672 0
17812.500 58.886 0
17818.359 58.627 0
17824.219 58.679 0
17830.078 58.455 0
17835.938 59.397 0
17841.797 57.665 0
17847.656 56.960 0
17853.516 57.949 0
17859.375 57.855 0
17865.234 58.155 0
17871.094 58.339 0
17876.953 58.346 0
17882.812 58.379 0
17888.672 58.528 0
17894.531 58.137 0
17900.391 58.151 0
17906.250 57.352 0
17912.109 57.272 0
17917.969 57.626 0
17923.828 57.217 0
17929.688 57.329 0
17935.547 57.258 0
17941.406 58.801 0
17947.266 59.163 0
17953.125 59.306 0
17958.984 58.694 0
17964.844 58.376 0
17970.703 58.120 0
17976.562 59.704 0
17982.422 59.378 0
17988.281 57.818 0
17994.141 57.082 0
18000.000 58.221 0
18005.859 59.193 0
18011.719 59.383 0
18017.578 58.390 0
18023.438 57.934 0
18029.297 58.159 0
18035.156 57.544 0
18041.016 59.897 0
18046.875 59.248 0
18052.734 59.085 0
18058.594 59.010 0
18064.453 59.008 0
18070.312 58.546 0
18076.172 57.727 0
18082.031 58.557 0
18087.891 58.511 0
18093.750 58.452 0
18099.609 58.269 0
18105.469 59.104 0
18111.328 59.718 0
18117.188 57.970 0
18123.047 57.639 0
18128.906 59.886 0
18134.766 58.592 0
18140.625 58.934 0
18146.484 58.883 0
18152.344 58.484 0
18158.203 58.042 0
18164.062 58.132 0
18169.922 59.276 0
18175.781 59.498 0
18181.641 58.066 0
18187.500 57.399 0
18193.359 57.394 0
18199.219 57.546 0
18205.078 57.875 0
18210.938 57.616 0
18216.797 57.792 0
18222.656 59.262 0
18228.516 56.918 0
18234.375 57.935 0
18240.234 57.698 0
18246.094 58.103 0
18251.953 58.198 0
18257.812 58.522 0
18263.672 56.787 0
18269.531 57.042 0
18275.391 57.669 0
18281.250 56.393 0
18287.109 56.767 0
18292.969 56.734 0
18298.828 57.170 0
18304.688 57.910 0
18310.547 58.738 0
18316.406 58.154 0
18322.266 58.023 0
18328.125 58.120 0
18333.984 57.578 0
18339.844 58.684 0
18345.703 57.935 0
18351.562 57.103 0
18357.422 58.096 0
18363.281 58.051 0
18369.141 59.361 0
18375.000 59.384 0
18380.859 57.767 0
18386.719 57.764 0
18392.578 57.491 0
18398.438 57.148 0
18404.297 58.829 0
18410.156 58.363 0
18416.016 57.894 0
18421.875 57.786 0
18427.734 57.524 0
18433.594 57.377 0
18439.453 57.385 0
18445.312 56.776 0
18451.172 57.674 0
18457.031 58.835 0
18462.891 58.486 0
18468.750 57.394 0
18474.609 58.193 0
18480.469 58.025 0
18486.328 57.701 0
18492.188 57.280 0
18498.047 57.012 0
18503.906 58.587 0
18509.766 58.894 0
18515.625 58.170 0
18521.484 57.271 0
18527.344 57.253 0
18533.203 58.300 0
18539.062 57.416 0
18544.922 57.962 0
18550.781 58.072 0
18556.641 57.020 0
18562.500 56.984 0
18568.359 56.866 0
18574.219 57.115 0
18580.078 57.298 0
18585.938 57.142 0
18591.797 57.939 0
18597.656 58.003 0
18603.516 57.050 0
18609.375 57.737 0
18615.234 57.890 0
18621.094 56.563 0
18626.953 56.330 0
18632.812 56.575 0
18638.672 57.263 0
18644.531 57.980 0
18650.391 57.384 0
18656.250 57.430 0
18662.109 57.005 0
18667.969 56.898 0
18673.828 57.022 0
18679.688 58.031 0
18685.547 58.658 0
18691.406 57.027 0
18697.266 58.318 0
18703.125 58.272 0
18708.984 57.441 0
18714.844 54.998 0
18720.703 56.737 0
18726.562 56.824 0
18732.422 57.594 0
18738.281 58.259 0
18744.141 56.590 0
18750.000 57.372 0
18755.859 57.909 0
18761.719 58.780 0
18767.578 58.114 0
18773.438 56.687 0
18779.297 56.805 0
18785.156 58.062 0
18791.016 57.442 0
18796.875 57.160 0
18802.734 57.837 0
18808.594 56.759 0
18814.453 54.968 0
18820.312 56.839 0
18826.172 57.498 0
18832.031 57.203 0
18837.891 56.077 0
18843.750 57.126 0
18849.609 57.845 0
18855.469 58.141 0
18861.328 58.169 0
18867.188 57.926 0
18873.047 58.108 0
18878.906 57.487 0
18884.766 55.937 0
18890.625 56.130 0
18896.484 57.487 0
18902.344 57.681 0
18908.203 58.314 0
18914.062 57.497 0
18919.922 56.453 0
18925.781 56.969 0
18931.641 56.357 0
18937.500 55.151 0
18943.359 57.012 0
18949.219 56.629 0
18955.078 56.992 0
18960.938 56.899 0
18966.797 57.241 0
18972.656 57.154 0
18978.516 55.981 0
18984.375 56.113 0
18990.234 56.440 0
18996.094 57.019 0
19001.953 56.676 0
19007.812 56.047 0
19013.672 56.394 0
19019.531 56.158 0
19025.391 57.482 0
19031.250 57.613 0
19037.109 58.425 0
19042.969 57.718 0
19048.828 56.520 0
19054.688 56.848 0
19060.547 56.435 0
19066.406 56.188 0
19072.266 57.219 0
19078.125 57.607 0
19083.984 57.073 0
19089.844 58.647 0
19095.703 58.062 0
19101.562 57.196 0
19107.422 56.442 0
19113.281 57.401 0
19119.141 57.580 0
19125.000 56.065 0
19130.859 54.843 0
19136.719 56.609 0
19142.578 56.652 0
19148.438 55.994 0
19154.297 57.866 0
19160.156 56.577 0
19166.016 55.477 0
19171.875 56.583 0
19177.734 57.071 0
19183.594 55.552 0
19189.453 55.353 0
19195.312 56.573 0
19201.172 57.740 0
19207.031 57.396 0
19212.891 57.312 0
19218.750 56.638 0
19224.609 56.003 0
19230.469 55.560 0
19236.328 55.753 0
19242.188 55.754 0
19248.047 54.270 0
19253.906 55.243 0
19259.766 55.400 0
19265.625 55.266 0
19271.484 55.857 0
19277.344 55.469 0
19283.203 55.652 0
19289.062 57.189 0
19294.922 57.286 0
19300.781 57.227 0
19306.641 57.089 0
19312.500 57.476 0
19318.359 55.993 0
19324.219 53.928 0
19330.078 55.729 0
19335.938 56.863 0
19341.797 55.117 0
19347.656 56.046 0
19353.516 55.342 0
19359.375 55.703 0
19365.234 56.013 0
19371.094 56.715 0
19376.953 56.613 0
19382.812 56.323 0
19388.672 56.288 0
19394.531 56.485 0
19400.391 56.576 0
19406.250 57.742 0
19412.109 56.939 0
19417.969 55.975 0
19423.828 56.233 0
19429.688 54.971 0
19435.547 55.845 0
19441.406 55.747 0
19447.266 55.641 0
19453.125 55.547 0
19458.984 54.922 0
19464.844 56.100 0
19470.703 56.262 0
19476.562 55.716 0
19482.422 56.659 0
19488.281 56.558 0
19494.141 55.716 0
19500.000 55.798 0
19505.859 56.065 0
19511.719 55.474 0
19517.578 56.265 0
19523.438 56.210 0
19529.297 57.005 0
19535.156 57.733 0
19541.016 56.631 0
19546.875 56.266 0
19552.734 56.257 0
19558.594 56.771 0
19564.453 55.816 0
19570.312 55.993 0
19576.172 55.939 0
19582.031 55.462 0
19587.891 55.941 0
19593.750 56.244 0
19599.609 56.625 0
19605.469 57.118 0
19611.328 56.800 0
19617.188 56.981 0
19623.047 57.130 0
19628.906 55.346 0
19634.766 56.157 0
19640.625 56.052 0
19646.484 55.091 0
19652.344 55.506 0
19658.203 55.595 0
19664.062 56.034 0
19669.922 56.537 0
19675.781 55.551 0
19681.641 54.783 0
19687.500 55.550 0
19693.359 55.817 0
19699.219 54.938 0
19705.078 54.607 0
19710.938 55.380 0
19716.797 55.484 0
19722.656 56.281 0
19728.516 57.798 0
19734.375 57.753 0
19740.234 56.545 0
19746.094 56.954 0
19751.953 56.946 0
19757.812 56.139 0
19763.672 56.145 0
19769.531 56.322 0
19775.391 55.578 0
19781.250 55.833 0
19787.109 57.190 0
19792.969 58.130 0
19798.828 57.088 0
19804.688 57.105 0
19810.547 57.418 0
19816.406 55.889 0
19822.266 55.411 0
19828.125 55.523 0
19833.984 56.437 0
19839.844 55.167 0
19845.703 55.861 0
19851.562 56.947 0
19857.422 55.628 0
19863.281 55.867 0
19869.141 55.199 0
19875.000 56.303 0
19880.859 55.229 0
19886.719 55.310 0
19892.578 55.559 0
19898.438 54.790 0
19904.297 55.891 0
19910.156 57.357 0
19916.016 57.209 0
19921.875 56.529 0
19927.734 56.718 0
19933.594 56.531 0
19939.453 55.648 0
19945.312 55.903 0
19951.172 55.218 0
19957.031 56.077 0
19962.891 56.630 0
19968.750 55.387 0
19974.609 54.853 0
19980.469 55.736 0
19986.328 56.096 0
19992.188 56.227 0
19998.047 55.700 0
20003.906 56.088 0
20009.766 55.387 0
20015.625 55.893 0
20021.484 56.471 0
20027.344 56.067 0
20033.203 56.498 0
20039.062 56.571 0
20044.922 57.447 0
20050.781 56.300 0
20056.641 55.973 0
20062.500 55.888 0
20068.359 56.269 0
20074.219 56.312 0
20080.078 56.226 0
20085.938 57.015 0
20091.797 57.656 0
20097.656 56.028 0
20103.516 54.843 0
20109.375 55.773 0
20115.234 55.418 0
20121.094 57.213 0
20126.953 56.749 0
20132.812 56.607 0
20138.672 55.859 0
20144.531 54.998 0
20150.391 53.742 0
20156.250 55.623 0
20162.109 56.330 0
20167.969 54.698 0
20173.828 55.932 0
20179.688 57.340 0
20185.547 57.214 0
20191.406 56.693 0
20197.266 56.110 0
20203.125 55.277 0
20208.984 55.169 0
20214.844 56.236 0
20220.703 55.970 0
20226.562 54.444 0
20232.422 56.730 0
20238.281 57.101 0
20244.141 57.043 0
20250.000 56.401 0
20255.859 55.654 0
20261.719 56.210 0
20267.578 56.561 0
20273.438 56.762 0
20279.297 55.805 0
20285.156 55.423 0
20291.016 55.489 0
20296.875 56.361 0
20302.734 55.004 0
20308.594 55.211 0
20314.453 54.949 0
20320.312 56.034 0
20326.172 57.987 0
20332.031 55.259 0
20337.891 55.045 0
20343.750 55.773 0
20349.609 55.808 0
20355.469 55.945 0
20361.328 55.338 0
20367.188 55.524 0
20373.047 56.923 0
20378.906 57.825 0
20384.766 57.187 0
20390.625 56.037 0
20396.484 55.471 0
20402.344 55.356 0
20408.203 56.138 0
20414.062 57.177 0
20419.922 55.545 0
20425.781 54.588 0
20431.641 55.389 0
20437.500 55.013 0
20443.359 54.645 0
20449.219 53.449 0
20455.078 55.436 0
20460.938 54.977 0
20466.797 53.942 0
20472.656 55.345 0
20478.516 55.636 0
20484.375 54.385 0
20490.234 54.515 0
20496.094 54.322 0
20501.953 54.877 0
20507.812 54.345 0
20513.672 55.814 0
20519.531 55.754 0
20525.391 54.797 0
20531.250 55.234 0
20537.109 55.413 0
20542.969 55.729 0
20548.828 54.093 0
20554.688 55.200 0
20560.547 54.369 0
20566.406 54.659 0
20572.266 54.464 0
20578.125 54.433 0
20583.984 55.034 0
20589.844 53.350 0
20595.703 53.811 0
20601.562 53.907 0
20607.422 54.429 0
20613.281 54.912 0
20619.141 55.246 0
20625.000 55.408 0
20630.859 55.035 0
20636.719 54.597 0
20642.578 55.631 0
20648.438 53.768 0
20654.297 52.851 0
20660.156 53.639 0
20666.016 53.521 0
20671.875 53.763 0
20677.734 53.889 0
20683.594 54.267 0
20689.453 54.669 0
20695.312 53.562 0
20701.172 54.045 0
20707.031 55.796 0
20712.891 54.950 0
20718.750 55.237 0
20724.609 55.693 0
20730.469 53.970 0
20736.328 54.800 0
20742.188 54.589 0
20748.047 54.832 0
20753.906 54.979 0
20759.766 53.215 0
20765.625 52.627 0
20771.484 54.188 0
20777.344 54.324 0
20783.203 54.084 0
20789.062 53.424 0
20794.922 54.137 0
20800.781 53.664 0
20806.641 53.081 0
20812.500 53.144 0
20818.359 53.729 0
20824.219 54.057 0
20830.078 54.540 0
20835.938 54.235 0
20841.797 54.881 0
20847.656 54.636 0
20853.516 54.507 0
20859.375 53.107 0
20865.234 53.588 0
20871.094 54.908 0
20876.953 53.473 0
20882.812 54.055 0
20888.672 53.522 0
20894.531 53.618 0
20900.391 54.173 0
20906.250 54.248 0
20912.109 52.913 0
20917.969 52.026 0
20923.828 51.184 0
20929.688 52.825 0
20935.547 54.600 0
20941.406 54.356 0
20947.266 51.642 0
20953.125 51.619 0
20958.984 52.111 0
20964.844 51.815 0
20970.703 53.902 0
20976.562 53.096 0
20982.422 53.890 0
20988.281 53.547 0
20994.141 52.328 0
21000.000 52.947 0
21005.859 52.230 0
21011.719 51.132 0
21017.578 52.057 0
21023.438 53.953 0
21029.297 53.844 0
21035.156 52.858 0
21041.016 53.284 0
21046.875 52.400 0
21052.734 52.719 0
21058.594 52.586 0
21064.453 51.669 0
21070.312 53.518 0
21076.172 53.184 0
21082.031 52.603 0
21087.891 52.798 0
21093.750 52.895 0
21099.609 52.199 0
21105.469 52.013 0
21111.328 51.009 0
21117.188 52.338 0
21123.047 54.111 0
21128.906 53.082 0
21134.766 51.932 0
21140.625 51.747 0
21146.484 52.399 0
21152.344 52.166 0
21158.203 52.199 0
21164.062 51.595 0
21169.922 52.861 0
21175.781 53.761 0
21181.641 52.882 0
21187.500 52.588 0
21193.359 52.123 0
21199.219 51.803 0
21205.078 51.693 0
21210.938 51.209 0
21216.797 52.771 0
21222.656 52.580 0
21228.516 51.555 0
21234.375 51.765 0
21240.234 50.834 0
21246.094 51.368 0
21251.953 52.449 0
21257.812 50.687 0
21263.672 52.492 0
21269.531 52.851 0
21275.391 51.195 0
21281.250 52.088 0
21287.109 53.384 0
21292.969 53.346 0
21298.828 52.142 0
21304.688 51.760 0
21310.547 51.120 0
21316.406 51.294 0
21322.266 52.303 0
21328.125 52.139 0
21333.984 51.922 0
21339.844 50.837 0
21345.703 50.550 0
21351.562 51.949 0
21357.422 52.185 0
21363.281 52.990 0
21369.141 52.057 0
21375.000 51.679 0
21380.859 53.136 0
21386.719 53.497 0
21392.578 52.887 0
21398.438 50.608 0
21404.297 51.965 0
21410.156 52.061 0
21416.016 51.602 0
21421.875 51.706 0
21427.734 51.713 0
21433.594 51.800 0
21439.453 52.027 0
21445.312 52.381 0
21451.172 52.467 0
21457.031 51.856 0
21462.891 51.817 0
21468.750 52.340 0
21474.609 51.596 0
21480.469 52.671 0
21486.328 52.659 0
21492.188 52.616 0
21498.047 51.225 0
21503.906 52.508 0
21509.766 51.141 0
21515.625 52.326 0
21521.484 53.360 0
21527.344 52.526 0
21533.203 52.327 0
21539.062 49.976 0
21544.922 52.110 0
21550.781 52.905 0
21556.641 53.315 0
21562.500 52.333 0
21568.359 53.160 0
21574.219 53.206 0
21580.078 52.150 0
21585.938 53.019 0
21591.797 53.997 0
21597.656 52.060 0
21603.516 53.533 0
21609.375 54.948 0
21615.234 54.133 0
21621.094 53.154 0
21626.953 52.499 0
21632.812 52.331 0
21638.672 52.881 0
21644.531 53.264 0
21650.391 54.314 0
21656.250 53.986 0
21662.109 54.462 0
21667.969 53.107 0
21673.828 53.999 0
21679.688 52.648 0
21685.547 52.839 0
21691.406 54.342 0
21697.266 53.828 0
21703.125 53.690 0
21708.984 53.052 0
21714.844 55.358 0
21720.703 55.363 0
21726.562 55.222 0
21732.422 53.994 0
21738.281 53.866 0
21744.141 54.537 0
21750.000 53.785 0
21755.859 55.071 0
21761.719 55.101 0
21767.578 54.100 0
21773.438 54.765 0
21779.297 53.034 0
21785.156 53.274 0
21791.016 52.636 0
21796.875 53.451 0
21802.734 53.978 0
21808.594 54.695 0
21814.453 55.535 0
21820.312 56.263 0
21826.172 55.259 0
21832.031 54.213 0
21837.891 54.220 0
21843.750 55.036 0
21849.609 55.742 0
21855.469 55.768 0
21861.328 55.757 0
21867.188 55.089 0
21873.047 54.355 0
21878.906 53.327 0
21884.766 55.184 0
21890.625 55.036 0
21896.484 53.842 0
21902.344 56.155 0
21908.203 55.984 0
21914.062 55.601 0
21919.922 55.838 0
21925.781 56.185 0
21931.641 56.808 0
21937.500 55.632 0
21943.359 56.697 0
21949.219 56.312 0
21955.078 56.759 0
21960.938 56.438 0
21966.797 56.694 0
21972.656 57.504 0
21978.516 58.151 0
21984.375 55.841 0
21990.234 55.983 0
21996.094 55.546 0
22001.953 56.310 0
22007.812 55.891 0
22013.672 56.958 0
22019.531 58.068 0
22025.391 57.636 0
22031.250 55.624 0
22037.109 55.598 0
22042.969 56.334 0
22048.828 57.020 0
22054.688 57.154 0
22060.547 57.247 0
22066.406 56.993 0
22072.266 57.182 0
22078.125 56.418 0
22083.984 56.306 0
22089.844 56.370 0
22095.703 56.748 0
22101.562 56.398 0
22107.422 55.437 0
22113.281 56.769 0
22119.141 57.361 0
22125.000 58.254 0
22130.859 57.808 0
22136.719 57.220 0
22142.578 58.214 0
22148.438 57.772 0
22154.297 57.370 0
22160.156 57.855 0
22166.016 58.117 0
22171.875 58.668 0
22177.734 57.966 0
22183.594 57.487 0
22189.453 55.571 0
22195.312 56.773 0
22201.172 58.206 0
22207.031 57.779 0
22212.891 56.958 0
22218.750 56.755 0
22224.609 57.664 0
22230.469 56.830 0
22236.328 57.716 0
22242.188 57.812 0
22248.047 57.152 0
22253.906 56.567 0
22259.766 56.081 0
22265.625 57.241 0
22271.484 57.844 0
22277.344 57.828 0
22283.203 58.024 0
22289.062 57.962 0
22294.922 57.788 0
22300.781 57.144 0
22306.641 57.400 0
22312.500 58.927 0
22318.359 59.061 0
22324.219 57.364 0
22330.078 55.641 0
22335.938 55.861 0
22341.797 56.264 0
22347.656 55.549 0
22353.516 56.589 0
22359.375 56.536 0
22365.234 57.727 0
22371.094 57.764 0
22376.953 56.601 0
22382.812 56.367 0
22388.672 57.436 0
22394.531 57.490 0
22400.391 55.633 0
22406.250 56.437 0
22412.109 55.657 0
22417.969 55.564 0
22423.828 55.311 0
22429.688 55.446 0
22435.547 55.799 0
22441.406 54.223 0
22447.266 56.083 0
22453.125 56.487 0
22458.984 54.908 0
22464.844 55.577 0
22470.703 55.722 0
22476.562 55.207 0
22482.422 56.311 0
22488.281 55.853 0
22494.141 56.037 0
22500.000 56.076 0
22505.859 56.302 0
22511.719 55.354 0
22517.578 55.986 0
22523.438 56.803 0
22529.297 55.147 0
22535.156 55.643 0
22541.016 53.919 0
22546.875 54.950 0
22552.734 56.312 0
22558.594 55.886 0
22564.453 56.281 0
22570.312 56.257 0
22576.172 56.147 0
22582.031 55.795 0
22587.891 54.859 0
22593.750 56.261 0
22599.609 56.716 0
22605.469 56.170 0
22611.328 55.648 0
22617.188 55.205 0
22623.047 55.597 0
22628.906 55.070 0
22634.766 56.094 0
22640.625 55.380 0
22646.484 54.579 0
22652.344 54.596 0
22658.203 54.708 0
22664.062 55.034 0
22669.922 55.364 0
22675.781 54.942 0
22681.641 54.812 0
22687.500 53.851 0
22693.359 54.525 0
22699.219 55.472 0
22705.078 55.733 0
22710.938 55.657 0
22716.797 55.525 0
22722.656 55.201 0
22728.516 55.456 0
22734.375 55.624 0
22740.234 55.866 0
22746.094 54.678 0
22751.953 54.432 0
22757.812 54.128 0
22763.672 53.741 0
22769.531 53.343 0
22775.391 53.700 0
22781.250 53.169 0
22787.109 53.572 0
22792.969 54.156 0
22798.828 52.681 0
22804.688 54.203 0
22810.547 55.628 0
22816.406 54.778 0
22822.266 53.075 0
22828.125 52.890 0
22833.984 53.882 0
22839.844 53.806 0
22845.703 52.532 0
22851.562 52.313 0
22857.422 53.756 0
22863.281 53.863 0
22869.141 53.053 0
22875.000 53.032 0
22880.859 53.433 0
22886.719 53.606 0
22892.578 53.868 0
22898.438 54.682 0
22904.297 53.151 0
22910.156 53.401 0
22916.016 53.837 0
22921.875 51.446 0
22927.734 53.681 0
22933.594 53.711 0
22939.453 53.600 0
22945.312 53.977 0
22951.172 54.259 0
22957.031 53.542 0
22962.891 52.743 0
22968.750 53.229 0
22974.609 53.290 0
22980.469 52.175 0
22986.328 52.432 0
22992.188 53.834 0
22998.047 52.707 0
23003.906 52.426 0
23009.766 52.423 0
23015.625 52.739 0
23021.484 52.245 0
23027.344 51.986 0
23033.203 52.301 0
23039.062 53.795 0
23044.922 53.380 0
23050.781 52.155 0
23056.641 51.588 0
23062.500 50.767 0
23068.359 50.995 0
23074.219 51.530 0
23080.078 51.946 0
23085.938 51.981 0
23091.797 52.937 0
23097.656 52.174 0
23103.516 51.518 0
23109.375 52.827 0
23115.234 52.515 0
23121.094 51.587 0
23126.953 50.225 0
23132.812 52.256 0
23138.672 52.767 0
23144.531 51.838 0
23150.391 51.938 0
23156.250 49.826 0
23162.109 50.707 0
23167.969 50.817 0
23173.828 51.727 0
23179.688 52.034 0
23185.547 52.026 0
23191.406 51.534 0
23197.266 50.095 0
23203.125 50.095 0
23208.984 50.118 0
23214.844 51.542 0
23220.703 52.175 0
23226.562 51.232 0
23232.422 51.087 0
23238.281 51.087 0
23244.141 49.777 0
23250.000 49.367 0
23255.859 51.139 0
23261.719 51.281 0
23267.578 49.946 0
23273.438 50.033 0
23279.297 51.565 0
23285.156 51.753 0
23291.016 50.279 0
23296.875 48.753 0
23302.734 49.427 0
23308.594 51.072 0
23314.453 50.230 0
23320.312 50.319 0
23326.172 51.365 0
23332.031 50.672 0
23337.891 49.781 0
23343.750 48.904 0
23349.609 48.472 0
23355.469 50.083 0
23361.328 50.903 0
23367.188 50.171 0
23373.047 49.710 0
23378.906 49.081 0
23384.766 48.972 0
23390.625 48.242 0
23396.484 49.557 0
23402.344 50.400 0
23408.203 49.874 0
23414.062 50.031 0
23419.922 49.138 0
23425.781 49.794 0
23431.641 50.541 0
23437.500 48.940 0
23443.359 47.792 0
23449.219 49.282 0
23455.078 50.112 0
23460.938 49.281 0
23466.797 49.245 0
23472.656 50.040 0
23478.516 49.924 0
23484.375 50.898 0
23490.234 50.973 0
23496.094 49.813 0
23501.953 49.723 0
23507.812 49.188 0
23513.672 49.722 0
23519.531 49.907 0
23525.391 49.229 0
23531.250 48.620 0
23537.109 48.423 0
23542.969 48.320 0
23548.828 48.205 0
23554.688 48.158 0
23560.547 48.282 0
23566.406 48.772 0
23572.266 48.276 0
23578.125 47.646 0
23583.984 46.799 0
23589.844 46.995 0
23595.703 48.894 0
23601.562 49.472 0
23607.422 49.716 0
23613.281 48.993 0
23619.141 47.803 0
23625.000 47.582 0
23630.859 48.618 0
23636.719 48.541 0
23642.578 48.043 0
23648.438 47.711 0
23654.297 49.655 0
23660.156 48.933 0
23666.016 47.796 0
23671.875 47.725 0
23677.734 48.372 0
23683.594 48.549 0
23689.453 47.338 0
23695.312 46.935 0
23701.172 47.909 0
23707.031 47.321 0
23712.891 46.218 0
23718.750 46.471 0
23724.609 47.308 0
23730.469 46.276 0
23736.328 46.371 0
23742.188 46.031 0
23748.047 47.515 0
23753.906 47.611 0
23759.766 47.397 0
23765.625 46.624 0
23771.484 46.092 0
23777.344 46.099 0
23783.203 45.872 0
23789.062 45.986 0
23794.922 46.610 0
23800.781 45.368 0
23806.641 45.402 0
23812.500 45.920 0
23818.359 46.379 0
23824.219 46.218 0
23830.078 46.319 0
23835.938 46.227 0
23841.797 46.266 0
23847.656 44.060 0
23853.516 44.886 0
23859.375 46.375 0
23865.234 45.645 0
23871.094 44.378 0
23876.953 44.849 0
23882.812 44.479 0
23888.672 44.817 0
23894.531 45.280 0
23900.391 45.836 0
23906.250 44.697 0
23912.109 45.421 0
23917.969 44.472 0
23923.828 43.582 0
23929.688 43.473 0
23935.547 43.645 0
23941.406 44.082 0
23947.266 44.169 0
23953.125 43.783 0
23958.984 44.595 0
23964.844 43.650 0
23970.703 44.454 0
23976.562 43.601 0
23982.422 45.261 0
23988.281 45.189 0
